4590,0.0,113

6577,0.0,113

7572,0.0,113

8574,0.0,113

9863,0.0,113

10854,0.0,113

14562,0.0,113

15566,0.0,113

16561,0.0,113

17560,0.0,113

18563,0.0,113

20560,0.0,113

21556,0.0,113

24559,0.0,113

25563,0.0,113

26846,0.0,113

28321,0.0,113

29555,0.0,113

30560,0.0,113

31557,0.0,113

35557,0.0,113

36840,0.0,113

39557,0.0,113

40554,0.0,113

41555,0.0,113

42552,0.0,113

44551,0.0,113

45549,0.0,113

46553,0.0,113

51551,0.0,113

53319,0.0,113

54544,0.0,113

56544,0.0,113

57546,0.0,113

58834,0.0,113

59838,0.0,113

60833,0.0,113

61834,0.0,113

63316,0.0,113

64538,0.0,113

65553,0.0,113

67542,0.0,113

68829,0.0,113

69828,0.0,113

70831,0.0,113

71827,0.0,113

73312,0.0,113

74531,0.0,113

75535,0.0,113

77529,0.0,113

78532,0.0,113

82523,0.0,113

83798,0.0,113

84798,0.0,113

85819,0.0,113

86809,0.0,113

89518,0.0,113

90521,0.0,113

91801,0.0,113

94519,0.0,113

95801,0.0,113

96802,0.0,113

99516,0.0,113

101509,0.0,113

102513,0.0,113

103793,0.0,113

104797,0.0,113

106525,0.0,113

108274,0.0,113

109507,0.0,113

110798,0.0,113

111795,0.0,113

114503,0.0,113

115509,0.0,113

116791,0.0,113

118266,0.0,113

119505,0.0,113

120788,0.0,113

121794,0.0,113

123264,0.0,113

124503,0.0,113

127501,0.0,113

128784,0.0,113

129799,0.0,113

131491,0.0,113

132496,0.0,113

133774,0.0,113

134772,0.0,113

135773,0.0,113

136772,0.0,113

139487,0.0,113

140493,0.0,113

143246,0.0,113

145489,0.0,113

146771,0.0,113

149481,0.0,113

150481,0.0,113

151768,0.0,113

153250,0.0,113

154481,0.0,113

155479,0.0,113

156482,0.0,113

158251,0.0,113

159476,0.0,113

160476,0.0,113

161477,0.0,113

163247,0.0,113

164473,0.0,113

165475,0.0,113

166471,0.0,113

170481,0.0,113

172468,0.0,113

173467,0.0,113

174467,0.0,113

176465,0.0,113

177468,0.0,113

179464,0.0,113

180464,0.0,113

182465,0.0,113

183461,0.0,113

184464,0.0,113

185460,0.0,113

186462,0.0,113

187459,0.0,113

188459,0.0,113

189469,0.0,113

191459,0.0,113

192455,0.0,113

193459,0.0,113

194745,0.0,113

197451,0.0,113

199450,0.0,113

201449,0.0,113

202448,0.0,113

205451,0.0,113

208225,0.0,112

209444,0.0,112

210448,0.0,112

212448,0.0,112

214441,0.0,111

216441,0.0,111

217444,0.0,110

218732,0.0,110

222439,0.0,113

226448,0.0,112

228207,0.0,112

229433,0.0,112

233204,0.0,111

236428,0.0,110

238201,0.0,110

239429,0.0,109

240712,0.0,109

241713,0.0,109

243190,0.0,108

244420,0.0,108

246420,0.0,108

247435,0.0,108

248708,0.0,108

249711,0.0,108

250706,0.0,107

251713,0.0,107

253197,0.0,106

254418,0.0,106

255422,0.0,108

256710,0.0,105

258192,0.0,109

260415,0.0,106

261417,0.0,105

263180,0.0,108

265411,0.0,102

266414,0.0,102

269406,0.0,102

270702,0.0,106

272409,0.0,111

274406,0.0,110

275690,0.0,109

276689,0.0,107

278189,0.0,109

279402,0.0,108

280406,0.0,107

281694,0.0,109

283179,0.0,111

286401,0.0,111

288164,0.0,111

289397,0.0,108

290680,0.0,108

291697,0.0,107

293171,0.0,108

294397,0.0,107

296393,0.0,105

298172,0.0,104

300394,0.0,103

301685,0.0,102

303170,0.0,102

304389,0.0,102

305388,0.0,102

306685,0.0,102

308164,0.0,108

309387,0.0,110

310678,0.0,110

311683,0.0,111

314380,0.0,111

315396,0.0,111

317384,0.0,111

319384,0.0,111

320673,0.0,111

321672,0.0,111

323156,0.0,111

325376,0.0,111

326379,0.0,111

329372,0.0,111

331376,0.0,111

333147,0.0,111

334369,0.0,111

335659,0.0,111

339371,0.0,111

340371,0.0,111

341665,0.0,111

343142,0.0,110

344369,0.0,110

345659,0.0,109

347362,0.0,108

349366,0.0,107

354360,0.0,104

355652,0.0,104

357353,0.0,103

358654,0.0,103

361356,0.0,103

363127,0.0,103

367348,0.0,103

368643,0.0,103

369645,0.0,103

371347,0.0,103

373114,0.0,103

374347,0.0,104

376340,0.0,103

379333,0.0,103

380335,0.0,102

382339,0.0,102

384333,0.0,102

385338,0.0,103

386627,0.0,102

388111,0.0,101

389330,0.0,103

390333,0.0,105

391331,0.0,103

392332,0.0,103

393622,0.0,102

394621,0.0,101

396326,0.0,102

398092,0.0,102

399328,0.0,101

401321,0.0,101

402325,0.0,101

403325,0.0,103

404620,0.0,106

406324,0.0,104

408086,0.0,104

409322,0.0,103

412319,0.0,101

414319,0.0,110

416326,0.0,110

418088,0.0,110

419310,0.0,110

420314,0.0,110

421604,0.0,110

423078,0.0,110

424306,0.0,110

425310,0.0,110

427307,0.0,110

431305,0.0,111

432307,0.0,111

433598,0.0,111

434596,0.0,111

435599,0.0,111

436595,0.0,111

439299,0.0,111

440300,0.0,110

441587,0.0,110

443079,0.0,110

444297,0.0,109

446300,0.0,108

448072,0.0,108

449297,0.0,107

451297,0.0,107

453067,0.0,107

454291,0.0,107

456289,0.0,106

458064,0.0,105

459301,0.0,105

462292,0.0,106

463581,0.0,106

464583,0.0,110

465579,0.0,108

466582,0.0,107

468055,0.0,106

469284,0.0,105

470576,0.0,105

473046,0.0,105

474280,0.0,105

475573,0.0,105

477274,0.0,110

478274,0.0,109

479293,0.0,108

480569,0.0,107

482272,0.0,107

483570,0.0,107

484568,0.0,106

486274,0.0,106

487285,0.0,109

488568,0.0,106

489563,0.0,107

490567,0.0,107

491563,0.0,107

495263,0.0,104

496267,0.0,104

498029,0.0,104

499277,0.0,104

500556,0.0,104

501559,0.0,109

503034,0.0,110

504258,0.0,110

506258,0.0,110

507262,0.0,110

508551,0.0,110

509554,0.0,110

510550,0.0,110

514258,0.0,111

515547,0.0,111

516550,0.0,111

520264,0.0,111

522253,0.0,111

523543,0.0,111

524544,0.0,111

525540,0.0,111

526538,0.0,111

528023,0.0,111

529263,0.0,111

530548,0.0,111

531544,0.0,111

533028,0.0,111

534243,0.0,111

535248,0.0,111

536243,0.0,111

537242,0.0,111

538247,0.0,111

539539,0.0,111

540554,0.0,111

543023,0.0,111

544238,0.0,111

545536,0.0,111

547238,0.0,111

550240,0.0,111

551234,0.0,111

553012,0.0,111

554235,0.0,111

555529,0.0,111

557230,0.0,111

559246,0.0,111

560525,0.0,111

563009,0.0,111

564226,0.0,111

565528,0.0,111

566520,0.0,111

568002,0.0,111

569222,0.0,111

570519,0.0,111

571524,0.0,111

572999,0.0,111

574223,0.0,111

575218,0.0,111

576521,0.0,111

577996,0.0,111

579216,0.0,111

580516,0.0,111

581512,0.0,111

583009,0.0,111

585216,0.0,111

587210,0.0,111

588512,0.0,111

589522,0.0,112

592997,0.0,112

594208,0.0,112

595209,0.0,112

597207,0.0,112

598211,0.0,112

599508,0.0,112

600513,0.0,112

601507,0.0,112

604199,0.0,112

605200,0.0,112

606203,0.0,112

607201,0.0,112

608202,0.0,112

609198,0.0,112

610200,0.0,112

611196,0.0,112

612196,0.0,112

613199,0.0,112

614195,0.0,112

615197,0.0,112

616194,0.0,112

617195,0.0,112

618191,0.0,112

620190,0.0,112

621190,0.0,112

622202,0.0,112

624192,0.0,112

625188,0.0,112

626191,0.0,112

627187,0.0,112

628187,0.0,112

629189,0.0,112

631190,0.0,112

632184,0.0,112

634181,0.0,111

635182,0.0,111

637181,0.0,111

638184,0.0,111

639179,0.0,111

640192,0.0,111

641480,0.0,110

642317,0.0,110

643480,0.0,109

644478,0.0,109

645481,0.0,109

646477,0.0,109

647962,0.0,109

649175,0.0,109

650176,0.0,111

651172,0.0,111

652958,0.0,111

654170,0.0,111

655174,0.0,111

656169,0.0,111

657171,0.0,111

658166,0.0,111

659166,0.0,111

660468,0.0,111

662168,0.0,111

663163,0.0,111

664468,0.0,111

666161,0.0,112

667162,0.0,112

670159,0.0,112

671164,0.0,111

672159,0.0,111

673163,0.0,111

674459,0.0,111

675460,0.0,111

676463,0.0,110

679170,0.0,110

680456,0.0,110

681458,0.0,109

682935,0.0,109

684151,0.0,109

685155,0.0,109

686452,0.0,108

687937,0.0,108

689148,0.0,108

690152,0.0,108

691149,0.0,107

692930,0.0,107

694145,0.0,107

695147,0.0,105

696446,0.0,105

697930,0.0,105

699142,0.0,105

700155,0.0,105

701445,0.0,105

704143,0.0,105

706141,0.0,105

709140,0.0,105

710437,0.0,104

711439,0.0,104

712923,0.0,104

717134,0.0,105

718435,0.0,105

719434,0.0,105

720437,0.0,105

721433,0.0,108

722927,0.0,108

724127,0.0,105

726125,0.0,104

727130,0.0,104

728427,0.0,104

729426,0.0,104

731122,0.0,103

732125,0.0,104

733424,0.0,104

734429,0.0,105

735423,0.0,104

736422,0.0,103

737902,0.0,102

740119,0.0,102

741417,0.0,102

742909,0.0,102

744114,0.0,103

746113,0.0,102

747113,0.0,102

748116,0.0,103

749414,0.0,104

750418,0.0,104

751416,0.0,104

752899,0.0,104

754107,0.0,104

755106,0.0,104

757105,0.0,103

758108,0.0,103

759408,0.0,103

760412,0.0,103

761407,0.0,103

765101,0.0,103

766104,0.0,104

767885,0.0,105

770097,0.0,108

771101,0.0,109

772881,0.0,109

774093,0.0,107

775099,0.0,106

777097,0.0,106

778396,0.0,108

780091,0.0,106

781091,0.0,106

782095,0.0,104

784105,0.0,102

785382,0.0,102

786387,0.0,101

787860,0.0,101

789085,0.0,103

790081,0.0,103

791084,0.0,101

794086,0.0,103

795386,0.0,103

796390,0.0,108

799080,0.0,105

802081,0.0,104

803379,0.0,103

804393,0.0,102

807080,0.0,100

809073,0.0,100

810379,0.0,100

811377,0.0,100

812863,0.0,100

814069,0.0,100

815069,0.0,109

816072,0.0,109

817850,0.0,109

819069,0.0,110

820367,0.0,110

821370,0.0,110

822846,0.0,110

824066,0.0,110

825363,0.0,110

826362,0.0,110

829056,0.0,110

831053,0.0,110

832056,0.0,110

833051,0.0,110

834052,0.0,110

835056,0.0,110

836051,0.0,110

837053,0.0,110

839052,0.0,110

840047,0.0,110

841049,0.0,111

842046,0.0,111

843046,0.0,111

844048,0.0,111

845041,0.0,111

846054,0.0,111

847042,0.0,111

848045,0.0,111

849338,0.0,111

851042,0.0,111

852038,0.0,111

853042,0.0,111

854334,0.0,111

856037,0.0,111

857034,0.0,111

858038,0.0,111

860038,0.0,111

861330,0.0,111

862814,0.0,111

864030,0.0,111

866034,0.0,111

867808,0.0,111

869030,0.0,111

870028,0.0,111

871032,0.0,111

872804,0.0,111

966972,0.0,111

967966,0.0,111

968972,0.0,111

970972,0.0,111

972749,0.0,111

973966,0.0,111

974969,0.0,111

976265,0.0,111

977751,0.0,111

978963,0.0,111

979965,0.0,111

981959,0.0,111

983262,0.0,111

984261,0.0,111

985276,0.0,111

986957,0.0,111

987962,0.0,111

989259,0.0,111

990262,0.0,111

992743,0.0,111

993952,0.0,111

994958,0.0,111

997736,0.0,111

998950,0.0,111

999954,0.0,111

1001251,0.0,111

1002736,0.0,111

1003948,0.0,111

1004962,0.0,111

1006248,0.0,111

1007734,0.0,111

1010949,0.0,111

1012726,0.0,111

1013946,0.0,111

1015244,0.0,111

1017722,0.0,111

1018943,0.0,111

1020239,0.0,111

1021246,0.0,111

1022718,0.0,111

1025932,0.0,111

1026951,0.0,111

1028235,0.0,111

1029931,0.0,111

1032713,0.0,111

1034929,0.0,111

1036234,0.0,111

1038930,0.0,111

1040227,0.0,111

1041225,0.0,111

1042706,0.0,111

1044927,0.0,111

1046936,0.0,111

1048914,0.0,111

1049914,0.0,111

1050915,0.0,111

1051916,0.0,111

1052913,0.0,111

1053915,0.0,111

1054912,0.0,111

1055913,0.0,111

1056912,0.0,111

1057909,0.0,111

1058911,0.0,111

1059909,0.0,111

1063907,0.0,111

1064905,0.0,111

1066208,0.0,111

1067681,0.0,111

1069902,0.0,111

1070905,0.0,111

1071900,0.0,111

1072904,0.0,111

1073899,0.0,111

1074900,0.0,111

1075909,0.0,111

1077680,0.0,111

1078900,0.0,111

1079896,0.0,111

1083897,0.0,111

1084892,0.0,111

1085905,0.0,111

1087677,0.0,111

1088893,0.0,111

1089890,0.0,111

1091889,0.0,111

1094887,0.0,111

1095889,0.0,111

1096885,0.0,111

1097888,0.0,111

1098915,0.0,111

1100186,0.0,111

1101188,0.0,111

1102664,0.0,111

1103884,0.0,111

1104881,0.0,111

1105893,0.0,111

1108879,0.0,111

1110878,0.0,111

1111880,0.0,111

1113177,0.0,111

1114181,0.0,111

1115175,0.0,111

1116180,0.0,111

1117657,0.0,111

1120869,0.0,111

1121873,0.0,111

1124867,0.0,111

1125867,0.0,111

1126881,0.0,111

1128168,0.0,111

1129191,0.0,111

1130865,0.0,111

1131868,0.0,111

1133165,0.0,111

1134166,0.0,111

1135169,0.0,111

1136163,0.0,111

1137648,0.0,111

1138861,0.0,111

1139863,0.0,111

1142640,0.0,111

1143857,0.0,111

1144858,0.0,111

1146870,0.0,111

1148857,0.0,111

1150154,0.0,111

1151155,0.0,111

1152638,0.0,111

1153850,0.0,111

1154852,0.0,111

1156150,0.0,111

1157629,0.0,111

1158864,0.0,111

1160148,0.0,111

1161147,0.0,111

1164844,0.0,111

1165846,0.0,111

1167625,0.0,111

1168856,0.0,111

1170142,0.0,111

1171142,0.0,111

1173837,0.0,111

1174841,0.0,111

1176137,0.0,111

1177617,0.0,111

1178833,0.0,111

1179832,0.0,111

1180835,0.0,111

1182609,0.0,111

1183834,0.0,111

1185126,0.0,111

1186828,0.0,111

1187831,0.0,111

1189125,0.0,111

1191825,0.0,111

1193131,0.0,111

1194126,0.0,111

1195822,0.0,111

1196821,0.0,111

1198820,0.0,111

1199824,0.0,111

1201122,0.0,111

1202610,0.0,111

1204816,0.0,111

1205821,0.0,111

1208819,0.0,111

1210116,0.0,111

1211132,0.0,111

1212597,0.0,111

1213812,0.0,111

1215115,0.0,111

1216814,0.0,111

1218111,0.0,111

1219808,0.0,111

1220812,0.0,111

1222590,0.0,111

1223806,0.0,111

1225804,0.0,111

1227587,0.0,111

1228807,0.0,111

1230103,0.0,111

1232584,0.0,111

1233804,0.0,111

1235804,0.0,111

1237582,0.0,111

1239801,0.0,110

1241097,0.0,110

1242582,0.0,110

1243793,0.0,110

1245792,0.0,110

1246792,0.0,110

1248098,0.0,110

1249092,0.0,109

1250096,0.0,109

1251091,0.0,109

1252588,0.0,109

1253787,0.0,109

1254797,0.0,108

1256089,0.0,108

1257569,0.0,108

1259785,0.0,108

1261091,0.0,108

1262566,0.0,107

1265779,0.0,106

1266785,0.0,106

1268079,0.0,106

1269085,0.0,106

1270079,0.0,106

1271090,0.0,105

1272560,0.0,105

1273791,0.0,104

1275771,0.0,104

1276774,0.0,103

1277770,0.0,103

1278774,0.0,103

1279768,0.0,102

1281768,0.0,102

1282768,0.0,102

1283769,0.0,103

1285767,0.0,102

1287552,0.0,102

1289761,0.0,102

1290765,0.0,101

1291759,0.0,101

1292773,0.0,102

1294063,0.0,102

1295067,0.0,109

1297543,0.0,110

1298756,0.0,110

1299758,0.0,110

1301056,0.0,110

1303751,0.0,110

1306749,0.0,110

1307752,0.0,110

1309748,0.0,110

1311045,0.0,110

1313744,0.0,110

1314746,0.0,110

1316743,0.0,110

1317746,0.0,110

1318743,0.0,110

1319746,0.0,110

1320742,0.0,110

1321740,0.0,110

1323740,0.0,110

1324742,0.0,109

1326741,0.0,109

1328036,0.0,109

1329039,0.0,109

1330035,0.0,109

1331033,0.0,108

1332534,0.0,108

1334737,0.0,108

1336736,0.0,108

1338036,0.0,108

1339735,0.0,107

1341732,0.0,107

1343033,0.0,107

1344028,0.0,106

1345024,0.0,106

1346025,0.0,106

1347512,0.0,106

1348720,0.0,106

1349734,0.0,105

1351029,0.0,105

1352522,0.0,105

1353720,0.0,104

1354725,0.0,104

1356025,0.0,104

1357505,0.0,105

1358718,0.0,105

1361718,0.0,104

1363715,0.0,103

1364718,0.0,103

1366018,0.0,103

1367499,0.0,103

1368717,0.0,103

1370016,0.0,104

1371020,0.0,104

1373723,0.0,105

1375014,0.0,105

1377491,0.0,105

1378711,0.0,106

1380009,0.0,106

1382489,0.0,104

1383703,0.0,104

1384697,0.0,104

1386698,0.0,102

1387703,0.0,102

1389000,0.0,102

1390004,0.0,102

1391695,0.0,101

1394698,0.0,101

1395999,0.0,101

1397483,0.0,100

1399692,0.0,109

1400694,0.0,109

1402475,0.0,109

1405690,0.0,109

1407472,0.0,110

1408692,0.0,110

1410683,0.0,109

1412467,0.0,109

1413679,0.0,109

1418678,0.0,108

1419980,0.0,108

1420984,0.0,108

1422455,0.0,108

1423678,0.0,107

1424973,0.0,107

1425973,0.0,106

1427462,0.0,106

1429669,0.0,105

1430968,0.0,105

1432440,0.0,104

1433669,0.0,104

1434969,0.0,103

1438668,0.0,103

1439972,0.0,102

1440974,0.0,102

1442445,0.0,102

1443664,0.0,102

1444966,0.0,102

1445959,0.0,102

1447449,0.0,102

1449661,0.0,103

1453656,0.0,103

1454660,0.0,103

1455962,0.0,102

1457452,0.0,103

1459659,0.0,103

1460957,0.0,103

1462433,0.0,103

1463655,0.0,104

1464954,0.0,104

1465959,0.0,104

1467431,0.0,104

1468652,0.0,104

1469950,0.0,105

1470952,0.0,106

1473643,0.0,107

1474648,0.0,108

1476649,0.0,108

1477948,0.0,108

1479652,0.0,108

1480937,0.0,108

1482418,0.0,110

1483640,0.0,110

1484946,0.0,110

1488635,0.0,110

1490634,0.0,110

1493630,0.0,110

1495630,0.0,110

1497409,0.0,110

1498633,0.0,110

1499933,0.0,110

1500949,0.0,110

1502403,0.0,110

1503626,0.0,110

1504620,0.0,110

1505623,0.0,110

1508622,0.0,110

1510622,0.0,111

1511618,0.0,111

1512620,0.0,111

1513614,0.0,111

1515619,0.0,111

1516612,0.0,111

1517616,0.0,111

1518613,0.0,111

1521611,0.0,111

1522616,0.0,111

1525609,0.0,111

1527389,0.0,111

1528606,0.0,111

1530608,0.0,111

1531609,0.0,111

1532908,0.0,111

1534603,0.0,111

1535602,0.0,111

1536602,0.0,111

1537600,0.0,111

1538614,0.0,111

1539905,0.0,111

1540908,0.0,111

1542379,0.0,111

1543602,0.0,111

1544900,0.0,111

1545900,0.0,111

1549595,0.0,111

1550593,0.0,111

1551596,0.0,111

1554595,0.0,111

1555592,0.0,111

1557369,0.0,111

1558601,0.0,111

1559890,0.0,111

1560896,0.0,111

1563585,0.0,111

1564585,0.0,111

1565886,0.0,111

1567368,0.0,111

1568580,0.0,111

1569583,0.0,111

1570580,0.0,111

1571580,0.0,111

1572882,0.0,111

1573881,0.0,111

1574879,0.0,111

1575873,0.0,111

1577354,0.0,111

1578574,0.0,111

1579885,0.0,111

1581569,0.0,111

1582863,0.0,111

1584571,0.0,111

1585871,0.0,111

1587349,0.0,111

1588570,0.0,111

1589865,0.0,111

1591565,0.0,111

1592864,0.0,111

1593866,0.0,111

1594863,0.0,111

1596562,0.0,111

1599560,0.0,111

1600872,0.0,111

1602338,0.0,111

1603562,0.0,111

1604556,0.0,111

1605859,0.0,111

1607337,0.0,111

1608557,0.0,111

1609551,0.0,111

1611556,0.0,111

1615554,0.0,111

1616547,0.0,111

1617846,0.0,111

1618849,0.0,111

1619846,0.0,111

1620860,0.0,111

1623548,0.0,111

1624543,0.0,111

1625840,0.0,111

1628539,0.0,111

1629843,0.0,111

1631543,0.0,111

1632538,0.0,111

1633840,0.0,111

1635538,0.0,111

1636538,0.0,111

1637533,0.0,111

1639532,0.0,111

1640845,0.0,111

1642307,0.0,111

1643535,0.0,111

1644534,0.0,111

1645530,0.0,111

1647309,0.0,111

1648526,0.0,111

1649829,0.0,111

1650828,0.0,111

1652305,0.0,111

1653525,0.0,111

1656522,0.0,111

1658521,0.0,111

1659826,0.0,111

1660819,0.0,111

1662294,0.0,111

1663534,0.0,111

1664816,0.0,111

1665820,0.0,111

1667294,0.0,111

1668519,0.0,111

1669814,0.0,111

1670818,0.0,111

1672289,0.0,111

1673510,0.0,111

1674816,0.0,111

1675810,0.0,111

1677289,0.0,111

1679512,0.0,111

1680508,0.0,111

1682287,0.0,111

1683507,0.0,111

1684805,0.0,111

1685820,0.0,111

1688507,0.0,111

1689801,0.0,111

1690805,0.0,111

1692276,0.0,111

1693498,0.0,111

1695499,0.0,111

1697277,0.0,111

1698497,0.0,111

1701497,0.0,111

1702494,0.0,111

1703793,0.0,111

1704797,0.0,111

1706509,0.0,111

1708493,0.0,111

1711493,0.0,111

1712786,0.0,111

1714487,0.0,111

1717262,0.0,111

1719483,0.0,111

1721480,0.0,111

1722786,0.0,111

1723780,0.0,111

1724795,0.0,111

1726476,0.0,111

1727475,0.0,111

1728771,0.0,111

1731473,0.0,111

1733471,0.0,111

1737247,0.0,111

1738468,0.0,111

1739471,0.0,111

1742249,0.0,111

1743466,0.0,111

1744477,0.0,111

1745764,0.0,111

1747251,0.0,111

1748461,0.0,111

1749460,0.0,111

1750760,0.0,111

1752236,0.0,111

1753460,0.0,111

1754757,0.0,111

1756455,0.0,111

1757459,0.0,111

1759455,0.0,111

1761449,0.0,111

1764464,0.0,111

1765749,0.0,111

1768453,0.0,111

1772226,0.0,111

1773445,0.0,110

1775448,0.0,110

1777220,0.0,110

1779442,0.0,110

1781439,0.0,110

1782440,0.0,110

1784449,0.0,109

1785750,0.0,109

1787213,0.0,109

1788441,0.0,109

1789734,0.0,108

1790739,0.0,108

1792211,0.0,108

1794439,0.0,108

1795433,0.0,107

1797213,0.0,107

1798430,0.0,107

1799734,0.0,107

1801432,0.0,107

1802729,0.0,107

1803727,0.0,106

1804741,0.0,106

1806428,0.0,106

1808424,0.0,106

1809431,0.0,106

1810724,0.0,106

1812206,0.0,105

1813423,0.0,105

1814423,0.0,105

1815726,0.0,105

1817202,0.0,105

1818425,0.0,105

1820423,0.0,105

1821417,0.0,106

1822716,0.0,106

1823714,0.0,105

1824714,0.0,104

1826412,0.0,103

1827727,0.0,103

1829410,0.0,103

1831413,0.0,103

1832711,0.0,102

1833712,0.0,102

1834708,0.0,102

1835712,0.0,102

1837185,0.0,102

1838410,0.0,103

1839710,0.0,104

1840710,0.0,103

1843403,0.0,103

1844707,0.0,103

1845702,0.0,103

1847187,0.0,103

1848400,0.0,102

1849713,0.0,102

1851399,0.0,102

1852703,0.0,102

1853697,0.0,101

1854698,0.0,101

1858394,0.0,101

1859705,0.0,101

1862169,0.0,109

1863394,0.0,109

1866389,0.0,109

1867693,0.0,109

1868687,0.0,110

1869686,0.0,110

1871384,0.0,109

1874387,0.0,109

1875383,0.0,109

1877158,0.0,110

1878382,0.0,109

1879681,0.0,109

1880684,0.0,109

1882155,0.0,110

1883382,0.0,110

1884679,0.0,110

1888378,0.0,110

1890390,0.0,110

1892148,0.0,110

1893371,0.0,110

1894670,0.0,110

1895669,0.0,110

1897147,0.0,110

1898369,0.0,110

1899672,0.0,110

1900666,0.0,111

1902146,0.0,111

1903365,0.0,111

1904668,0.0,111

1905662,0.0,111

1908367,0.0,111

1909659,0.0,111

1910664,0.0,111

1912135,0.0,111

1913372,0.0,111

1916356,0.0,111

1917656,0.0,111

1918661,0.0,111

1919654,0.0,111

1920660,0.0,111

1922134,0.0,111

1923356,0.0,111

1924651,0.0,111

1925653,0.0,111

1927136,0.0,111

1928348,0.0,111

1929653,0.0,111

1930648,0.0,111

1933345,0.0,111

1934662,0.0,111

1936344,0.0,111

1937642,0.0,111

1938644,0.0,111

1939643,0.0,111

1940644,0.0,111

1942119,0.0,111

1944338,0.0,111

1945341,0.0,111

1947117,0.0,111

1948335,0.0,111

1949633,0.0,111

1951338,0.0,111

1952632,0.0,111

1954332,0.0,111

1955648,0.0,111

1959329,0.0,111

1960625,0.0,111

1962102,0.0,111

1963322,0.0,111

1964324,0.0,111

1967099,0.0,111

1970318,0.0,111

1971320,0.0,111

1972317,0.0,111

1975315,0.0,111

1978317,0.0,111

1979614,0.0,111

1981315,0.0,111

1982611,0.0,111

1983614,0.0,111

1984610,0.0,111

1985612,0.0,111

1987087,0.0,111

1988310,0.0,111

1989605,0.0,111

1991310,0.0,111

1992605,0.0,111

1993608,0.0,111

1994603,0.0,111

1995617,0.0,111

1997078,0.0,111

1998306,0.0,111

1999600,0.0,111

2000600,0.0,111

2002078,0.0,111

2003298,0.0,111

2005295,0.0,111

2006300,0.0,111

2007596,0.0,111

2008598,0.0,111

2009592,0.0,111

2010594,0.0,111

2014295,0.0,111

2018288,0.0,111

2019591,0.0,111

2020587,0.0,111

2022071,0.0,111

2023284,0.0,111

2024588,0.0,111

2025583,0.0,111

2027064,0.0,111

2028282,0.0,111

2029581,0.0,111

2031280,0.0,111

2033274,0.0,111

2034280,0.0,111

2035568,0.0,111

2037044,0.0,111

2038287,0.0,111

2040276,0.0,111

2042042,0.0,111

2043274,0.0,111

2045267,0.0,111

2048266,0.0,111

2049563,0.0,111

2050561,0.0,111

2052040,0.0,111

2053262,0.0,111

2055262,0.0,111

2058265,0.0,111

2060280,0.0,111

2062029,0.0,111

2063261,0.0,111

2064552,0.0,111

2065551,0.0,111

2067027,0.0,111

2068254,0.0,111

2069552,0.0,111

2071257,0.0,111

2072547,0.0,111

2073550,0.0,111

2074546,0.0,111

2075545,0.0,111

2077026,0.0,111

2078247,0.0,111

2079547,0.0,111

2080541,0.0,111

2082031,0.0,111

2083244,0.0,111

2084543,0.0,111

2085536,0.0,111

2087019,0.0,111

2088239,0.0,111

2089535,0.0,111

2091239,0.0,111

2092538,0.0,111

2093532,0.0,111

2094538,0.0,111

2095532,0.0,111

2097011,0.0,111

2098239,0.0,111

2099529,0.0,111

2100534,0.0,111

2102008,0.0,111

2103246,0.0,110

2104526,0.0,110

2105529,0.0,110

2107008,0.0,110

2108228,0.0,110

2109527,0.0,110

2110523,0.0,110

2112007,0.0,110

2113224,0.0,110

2114525,0.0,110

2115520,0.0,109

2117003,0.0,109

2118222,0.0,109

2119517,0.0,109

2120521,0.0,109

2121996,0.0,109

2123224,0.0,108

2125234,0.0,109

2126994,0.0,109

2129215,0.0,107

2130510,0.0,107

2131994,0.0,107

2133213,0.0,107

2138210,0.0,106

2139509,0.0,106

2140503,0.0,106

2141989,0.0,105

2143206,0.0,105

2145203,0.0,105

2146980,0.0,105

2148204,0.0,105

2149497,0.0,105

2150501,0.0,105

2151977,0.0,105

2153204,0.0,105

2154496,0.0,105

2155499,0.0,105

2158197,0.0,105

2159497,0.0,105

2161200,0.0,104

2162491,0.0,104

2163494,0.0,104

2164489,0.0,103

2165492,0.0,103

2166966,0.0,103

2169205,0.0,103

2170485,0.0,103

2173187,0.0,103

2174487,0.0,103

2175481,0.0,103

2176957,0.0,103

2178187,0.0,103

2179479,0.0,103

2180483,0.0,103

2181952,0.0,103

2183185,0.0,102

2184477,0.0,102

2185479,0.0,102

2186950,0.0,105

2189179,0.0,102

2191193,0.0,101

2192467,0.0,101

2193476,0.0,102

2194466,0.0,102

2195469,0.0,103

2196947,0.0,104

2198169,0.0,104

2199171,0.0,105

2200462,0.0,106

2201945,0.0,107

2203164,0.0,108

2204168,0.0,108

2205458,0.0,109

2208161,0.0,110

2210162,0.0,110

2211935,0.0,110

2213170,0.0,110

2214454,0.0,110

2215456,0.0,110

2218155,0.0,110

2220155,0.0,110

2221932,0.0,110

2225149,0.0,110

2226151,0.0,110

2227444,0.0,110

2228444,0.0,110

2229445,0.0,110

2774802,0.0,110

2776542,0.0,110

2777802,0.0,111

2779092,0.0,111

2780095,0.0,111

2781538,0.0,111

2782794,0.0,111

2784092,0.0,111

2785089,0.0,111

2786539,0.0,111

2787786,0.0,111

2789095,0.0,111

2790789,0.0,111

2792088,0.0,111

2793787,0.0,111

2795787,0.0,111

2797081,0.0,111

2798783,0.0,111

2800075,0.0,111

2802787,0.0,111

2804077,0.0,111

2805784,0.0,111

2807074,0.0,111

2808079,0.0,111

2810781,0.0,111

2812071,0.0,111

2813070,0.0,111

2814773,0.0,111

2816515,0.0,111

2817784,0.0,111

2819062,0.0,111

2820066,0.0,111

2822770,0.0,111

2824763,0.0,111

2826513,0.0,111

2827762,0.0,111

2829059,0.0,111

2830057,0.0,111

2831505,0.0,111

2832759,0.0,111

2836508,0.0,111

2837758,0.0,111

2839064,0.0,111

2840755,0.0,111

2842053,0.0,111

2843755,0.0,111

2847751,0.0,111

2849049,0.0,111

2850045,0.0,111

2852751,0.0,111

2854751,0.0,111

2856494,0.0,111

2858743,0.0,111

2860038,0.0,111

2861489,0.0,111

2863744,0.0,111

2865035,0.0,111

2866489,0.0,111

2867739,0.0,111

2869037,0.0,111

2870032,0.0,111

2871482,0.0,111

2872738,0.0,111

2874030,0.0,111

2875032,0.0,111

2876479,0.0,111

2878731,0.0,111

2880030,0.0,111

2881476,0.0,111

2882727,0.0,111

2884036,0.0,111

2885727,0.0,111

2887725,0.0,111

2889024,0.0,111

2890019,0.0,111

2891473,0.0,111

2892722,0.0,111

2894724,0.0,111

2896466,0.0,111

2900717,0.0,110

2903714,0.0,110

2905023,0.0,110

2906455,0.0,110

2908712,0.0,110

2910713,0.0,109

2912712,0.0,109

2914003,0.0,109

2915007,0.0,108

2916455,0.0,108

2917708,0.0,108

2920708,0.0,107

2922000,0.0,107

2923004,0.0,106

2926447,0.0,106

2927700,0.0,106

2928999,0.0,106

2931445,0.0,106

2932702,0.0,106

2933993,0.0,106

2934990,0.0,105

2939694,0.0,105

2941443,0.0,105

2942691,0.0,105

2943985,0.0,105

2944990,0.0,105

2946432,0.0,104

2948686,0.0,104

2950686,0.0,104

2951988,0.0,104

2953683,0.0,104

2954979,0.0,104

2956433,0.0,104

2957682,0.0,104

2958980,0.0,104

2960679,0.0,104

2961978,0.0,104

2963679,0.0,104

2964980,0.0,104

2968678,0.0,104

2969971,0.0,104

2971429,0.0,103

2972670,0.0,103

2973970,0.0,103

2975671,0.0,103

2977672,0.0,103

2979672,0.0,103

2981412,0.0,103

2982670,0.0,103

2983959,0.0,103

2987667,0.0,104

2988955,0.0,104

2989960,0.0,105

2991401,0.0,105

2992674,0.0,106

2993954,0.0,107

2997659,0.0,109

3001394,0.0,110

3002656,0.0,110

3003947,0.0,110

3004950,0.0,110

3006393,0.0,110

3007652,0.0,110

3008944,0.0,110

3009942,0.0,110

3011388,0.0,110

3012644,0.0,110

3013956,0.0,110

3015644,0.0,110

3016943,0.0,110

3018641,0.0,110

3020640,0.0,110

3021935,0.0,110

3022940,0.0,110

3025642,0.0,110

3026932,0.0,110

3028639,0.0,110

3029932,0.0,110

3032633,0.0,111

3035631,0.0,111

3036942,0.0,111

3038629,0.0,111

3039929,0.0,111

3041396,0.0,111

3042627,0.0,111

3043921,0.0,111

3046392,0.0,111

3047629,0.0,111

3048918,0.0,111

3049923,0.0,111

3051388,0.0,111

3052620,0.0,111

3053921,0.0,111

3055619,0.0,111

3056920,0.0,111

3058616,0.0,111

3059930,0.0,111

3061380,0.0,111

3062615,0.0,111

3063907,0.0,111

3066378,0.0,111

3067612,0.0,111

3070606,0.0,111

3071901,0.0,111

3072903,0.0,111

3073899,0.0,111

3074902,0.0,111

3078601,0.0,111

3079897,0.0,111

3082600,0.0,111

3086364,0.0,111

3088598,0.0,111

3089892,0.0,111

3092592,0.0,111

3093892,0.0,111

3094887,0.0,111

3096363,0.0,111

3097589,0.0,111

3098883,0.0,111

3099886,0.0,111

3101355,0.0,111

3102600,0.0,111

3103880,0.0,111

3108582,0.0,111

3109881,0.0,111

3111349,0.0,111

3112584,0.0,111

3113877,0.0,111

3114877,0.0,111

3117576,0.0,111

3120578,0.0,111

3121869,0.0,111

3123573,0.0,111

3124868,0.0,111

3126343,0.0,111

3127571,0.0,111

3128868,0.0,111

3129865,0.0,111

3131339,0.0,111

3132567,0.0,111

3133868,0.0,111

3134862,0.0,111

3136332,0.0,111

3137569,0.0,111

3138860,0.0,111

3139861,0.0,111

3141328,0.0,111

3143562,0.0,111

3147561,0.0,111

3148853,0.0,111

3149857,0.0,111

3151323,0.0,111

3152559,0.0,111

3154554,0.0,111

3156325,0.0,111

3157553,0.0,111

3158850,0.0,111

3159846,0.0,111

3162550,0.0,111

3164552,0.0,111

3166314,0.0,111

3167560,0.0,111

3168840,0.0,111

3170544,0.0,111

3171844,0.0,111

3172839,0.0,111

3173839,0.0,111

3174841,0.0,111

3177542,0.0,111

3178833,0.0,111

3179839,0.0,111

3181300,0.0,111

3184535,0.0,111

3186301,0.0,111

3187532,0.0,111

3188843,0.0,111

3190532,0.0,111

3191830,0.0,111

3195532,0.0,111

3197532,0.0,111

3198821,0.0,111

3199825,0.0,111

3201288,0.0,111

3202524,0.0,111

3204523,0.0,111

3206238,0.0,111

3207520,0.0,111

3208818,0.0,111

3211517,0.0,111

3212812,0.0,111

3213815,0.0,111

3216233,0.0,111

3217514,0.0,111

3218812,0.0,111

3220511,0.0,111

3224513,0.0,111

3226221,0.0,111

3227512,0.0,111

3228803,0.0,111

3229806,0.0,111

3232504,0.0,110

3234503,0.0,110

3237500,0.0,110

3239502,0.0,110

3242503,0.0,110

3244502,0.0,110

3246210,0.0,110

3247500,0.0,110

3249494,0.0,110

3251210,0.0,110

3252493,0.0,110

3253792,0.0,109

3255492,0.0,109

3257491,0.0,109

3258790,0.0,109

3260489,0.0,109

3261785,0.0,108

3262788,0.0,108

3264486,0.0,108

3267484,0.0,107

3268783,0.0,107

3270482,0.0,107

3271777,0.0,106

3273480,0.0,106

3274767,0.0,105

3276192,0.0,105

3277476,0.0,104

3278776,0.0,104

3280475,0.0,104

3282476,0.0,105

3284476,0.0,104

3287477,0.0,104

3288766,0.0,104

3289766,0.0,104

3291176,0.0,104

3292473,0.0,104

3293762,0.0,103

3294760,0.0,105

3296181,0.0,104

3297464,0.0,104

3300467,0.0,103

3302463,0.0,102

3303774,0.0,102

3305458,0.0,102

3306750,0.0,103

3307747,0.0,104

3308750,0.0,104

3309746,0.0,104

3312453,0.0,104

3314454,0.0,104

3316160,0.0,106

3318448,0.0,109

3319743,0.0,108

3321156,0.0,109

3322445,0.0,109

3323741,0.0,109

3325455,0.0,110

3326736,0.0,110

3327738,0.0,110

3328734,0.0,110

3329734,0.0,110

3331149,0.0,110

3335442,0.0,110

3337436,0.0,110

3338732,0.0,110

3339727,0.0,110

3342433,0.0,110

3343728,0.0,110

3344723,0.0,110

3346153,0.0,110

3347430,0.0,110

3349432,0.0,110

3351138,0.0,110

3352430,0.0,110

3354429,0.0,110

3357423,0.0,111

3358721,0.0,111

3359716,0.0,111

3362421,0.0,111

3365420,0.0,111

3366714,0.0,111

3368430,0.0,111

3370420,0.0,111

3372414,0.0,111

3373710,0.0,111

3374706,0.0,111

3376126,0.0,111

3377412,0.0,111

3378707,0.0,111

3380413,0.0,111

3382408,0.0,111

3383706,0.0,111

3384699,0.0,111

3391117,0.0,111

3392401,0.0,111

3393698,0.0,111

3394694,0.0,111

3396115,0.0,111

3397398,0.0,111

3398691,0.0,111

3399695,0.0,111

3401106,0.0,111

3402399,0.0,111

3403688,0.0,111

3404692,0.0,111

3406104,0.0,111

3407397,0.0,111

3408686,0.0,111

3409685,0.0,111

3411115,0.0,111

3412390,0.0,111

3413688,0.0,111

3414682,0.0,111

3416101,0.0,111

3417387,0.0,111

3418683,0.0,111

3419679,0.0,111

3421094,0.0,111

3422387,0.0,111

3423676,0.0,111

3424678,0.0,111

3426092,0.0,111

3427385,0.0,111

3428672,0.0,111

3429676,0.0,111

3431088,0.0,111

3432377,0.0,111

3433683,0.0,111

3438377,0.0,111

3439666,0.0,111

3441082,0.0,111

3442375,0.0,111

3443665,0.0,111

3445368,0.0,111

3446666,0.0,111

3447661,0.0,111

3449367,0.0,111

3451075,0.0,111

3452364,0.0,111

3453661,0.0,111

3454656,0.0,111

3456089,0.0,111

3457362,0.0,111

3458659,0.0,111

3460360,0.0,111

3461658,0.0,111

3462651,0.0,111

3463656,0.0,111

3464650,0.0,111

3466071,0.0,111

3467357,0.0,111

3468652,0.0,111

3470354,0.0,111

3471649,0.0,111

3472645,0.0,111

3473649,0.0,111

3474643,0.0,111

3476077,0.0,111

3477350,0.0,111

3478646,0.0,111

3479644,0.0,111

3482351,0.0,111

3483639,0.0,111

3484643,0.0,111

3486055,0.0,111

3489342,0.0,111

3491055,0.0,111

3492340,0.0,111

3494339,0.0,111

3496053,0.0,111

3497337,0.0,111

3499352,0.0,110

3502340,0.0,110

3504337,0.0,110

3506042,0.0,110

3508336,0.0,110

3509624,0.0,110

3511044,0.0,110

3512328,0.0,110

3513625,0.0,110

3516042,0.0,110

3517325,0.0,110

3518617,0.0,110

3519621,0.0,110

3521033,0.0,110

3522338,0.0,110

3523614,0.0,110

3525320,0.0,110

3526612,0.0,110

3527613,0.0,110

3528611,0.0,110

3529615,0.0,109

3532320,0.0,110

3533609,0.0,110

3534613,0.0,110

3536024,0.0,110

3537312,0.0,110

3538611,0.0,110

3540311,0.0,110

3541608,0.0,110

3543309,0.0,109

3546015,0.0,109

3548302,0.0,109

3549598,0.0,109

3551011,0.0,109

3553300,0.0,109

3554595,0.0,109

3558299,0.0,111

3559588,0.0,111

3562294,0.0,111

3563591,0.0,111

3564584,0.0,111

3566001,0.0,111

4496,0.0,114

6494,0.0,114

7780,0.0,114

9485,0.0,114

11482,0.0,114

13484,0.0,114

15261,0.0,114

18484,0.0,114

21482,0.0,114

22771,0.0,114

24474,0.0,114

25768,0.0,114

26769,0.0,114

27772,0.0,114

29471,0.0,114

30515,0.0,114

32468,0.0,114

35300,0.0,113

37509,0.0,113

38799,0.0,113

41470,0.0,113

42762,0.0,113

46462,0.0,113

47757,0.0,113

49461,0.0,113

50760,0.0,113

52457,0.0,113

53758,0.0,113

55235,0.0,113

56455,0.0,113

57769,0.0,113

60238,0.0,113

62454,0.0,113

65228,0.0,113

66450,0.0,113

67746,0.0,113

69447,0.0,113

70742,0.0,113

71740,0.0,113

72743,0.0,113

73740,0.0,113

75224,0.0,113

76440,0.0,113

77750,0.0,113

79439,0.0,113

80476,0.0,113

82439,0.0,113

83737,0.0,113

85215,0.0,113

86440,0.0,113

88463,0.0,113

90233,0.0,113

91430,0.0,113

92730,0.0,113

94427,0.0,113

95722,0.0,113

96719,0.0,113

97719,0.0,113

98719,0.0,113

102444,0.0,113

103726,0.0,113

105206,0.0,113

107427,0.0,113

108724,0.0,113

4086,0.0,113

5781,0.0,113

7073,0.0,113

8557,0.0,113

9783,0.0,113

11783,0.0,113

14785,0.0,113

16077,0.0,113

17084,0.0,113

18555,0.0,113

19782,0.0,113

21072,0.0,113

22078,0.0,113

23587,0.0,113

24774,0.0,113

27789,0.0,113

29806,0.0,113

31102,0.0,113

32101,0.0,113

33550,0.0,113

34769,0.0,113

36069,0.0,113

39769,0.0,113

41063,0.0,113

42765,0.0,113

45763,0.0,113

47063,0.0,113

50762,0.0,113

52062,0.0,113

53536,0.0,113

54760,0.0,113

56058,0.0,113

57757,0.0,113

60763,0.0,113

62056,0.0,113

63537,0.0,113

64759,0.0,113

66054,0.0,113

67058,0.0,113

68535,0.0,113

71749,0.0,113

74750,0.0,113

76749,0.0,113

78566,0.0,113

82788,0.0,113

84045,0.0,113

85049,0.0,113

86743,0.0,113

88524,0.0,113

89744,0.0,113

92732,0.0,113

94050,0.0,113

95736,0.0,113

97034,0.0,113

98520,0.0,113

100734,0.0,113

102027,0.0,113

105733,0.0,113

107035,0.0,113

108511,0.0,113

109733,0.0,113

111029,0.0,113

114729,0.0,113

116025,0.0,113

117741,0.0,113

120726,0.0,113

122021,0.0,113

124756,0.0,113

128504,0.0,113

129719,0.0,113

131755,0.0,113

133539,0.0,113

135715,0.0,113

137017,0.0,113

138486,0.0,113

139726,0.0,113

141010,0.0,113

142016,0.0,113

143491,0.0,113

145713,0.0,113

147008,0.0,113

148494,0.0,112

149705,0.0,112

151002,0.0,112

152004,0.0,112

154703,0.0,112

156003,0.0,112

157704,0.0,112

159000,0.0,112

160704,0.0,112

163481,0.0,110

164698,0.0,110

166004,0.0,109

168488,0.0,108

169695,0.0,108

171695,0.0,106

173473,0.0,106

175691,0.0,105

176995,0.0,105

179729,0.0,112

181688,0.0,112

182725,0.0,112

184015,0.0,112

185039,0.0,112

186681,0.0,112

189684,0.0,111

190984,0.0,111

193467,0.0,112

194678,0.0,112

195983,0.0,112

197676,0.0,112

198979,0.0,112

199982,0.0,112

203458,0.0,112

204670,0.0,112

205976,0.0,112

207669,0.0,112

208986,0.0,112

210668,0.0,112

211976,0.0,112

213452,0.0,112

214670,0.0,112

215971,0.0,112

217667,0.0,112

220669,0.0,112

221970,0.0,112

223454,0.0,112

224662,0.0,112

225700,0.0,112

226966,0.0,112

228447,0.0,113

229664,0.0,113

230695,0.0,113

231977,0.0,113

233443,0.0,113

234697,0.0,113

237660,0.0,113

239656,0.0,113

240960,0.0,113

242662,0.0,113

245653,0.0,113

246952,0.0,113

248437,0.0,113

249648,0.0,113

250955,0.0,113

252645,0.0,113

253949,0.0,113

255644,0.0,113

256947,0.0,113

258433,0.0,113

259641,0.0,113

261643,0.0,113

264637,0.0,113

266642,0.0,113

268424,0.0,113

269640,0.0,113

271638,0.0,113

273419,0.0,113

274633,0.0,113

276668,0.0,113

278432,0.0,113

280634,0.0,113

281670,0.0,113

283416,0.0,113

284667,0.0,113

285972,0.0,113

287631,0.0,113

288929,0.0,113

290628,0.0,113

292627,0.0,113

293919,0.0,113

294927,0.0,111

297621,0.0,111

298929,0.0,110

301634,0.0,109

304622,0.0,109

305930,0.0,108

308411,0.0,108

309621,0.0,106

310929,0.0,105

312613,0.0,102

313922,0.0,105

315616,0.0,103

316919,0.0,104

319613,0.0,107

320918,0.0,106

322612,0.0,107

323915,0.0,111

325605,0.0,111

326909,0.0,111

328446,0.0,111

329604,0.0,108

330912,0.0,108

334605,0.0,109

335907,0.0,108

338428,0.0,106

339606,0.0,106

341601,0.0,108

342637,0.0,109

343902,0.0,110

344940,0.0,111

346597,0.0,111

349596,0.0,111

350913,0.0,112

352594,0.0,112

354597,0.0,112

355900,0.0,112

358387,0.0,112

360583,0.0,112

363365,0.0,112

364585,0.0,112

365883,0.0,112

367585,0.0,112

368880,0.0,112

369885,0.0,112

371578,0.0,112

374592,0.0,112

375882,0.0,112

378358,0.0,112

380572,0.0,112

383358,0.0,112

384574,0.0,112

385872,0.0,112

387573,0.0,112

389565,0.0,112

390872,0.0,112

391906,0.0,112

393390,0.0,112

394603,0.0,112

395879,0.0,112

399566,0.0,112

400867,0.0,112

402564,0.0,112

403865,0.0,112

405563,0.0,112

406862,0.0,112

408343,0.0,112

409560,0.0,112

412553,0.0,112

413864,0.0,112

416550,0.0,112

418348,0.0,112

421553,0.0,112

423333,0.0,112

424546,0.0,112

425853,0.0,112

427546,0.0,112

428580,0.0,112

430539,0.0,112

431846,0.0,112

433315,0.0,112

434541,0.0,112

435840,0.0,112

437536,0.0,112

438842,0.0,112

440534,0.0,112

441580,0.0,112

443351,0.0,112

445529,0.0,112

446828,0.0,112

448310,0.0,112

449525,0.0,112

451523,0.0,112

453304,0.0,112

454521,0.0,112

456523,0.0,112

459525,0.0,112

460821,0.0,112

462518,0.0,112

463819,0.0,112

465517,0.0,112

466818,0.0,112

468317,0.0,112

469521,0.0,112

470827,0.0,112

473297,0.0,112

474513,0.0,112

475819,0.0,112

477512,0.0,112

478816,0.0,112

480509,0.0,112

481809,0.0,112

483289,0.0,112

485504,0.0,112

486815,0.0,112

488294,0.0,112

489524,0.0,112

490811,0.0,112

491810,0.0,112

494501,0.0,112

496497,0.0,112

498285,0.0,112

499496,0.0,112

501499,0.0,112

503278,0.0,112

505490,0.0,112

506790,0.0,112

509489,0.0,112

510785,0.0,112

511784,0.0,112

513276,0.0,112

514485,0.0,112

517483,0.0,112

518782,0.0,112

519784,0.0,112

521487,0.0,112

524479,0.0,112

525777,0.0,112

527480,0.0,112

528774,0.0,112

529774,0.0,112

530817,0.0,113

532473,0.0,112

533775,0.0,112

535475,0.0,112

536782,0.0,113

538246,0.0,113

540472,0.0,113

541765,0.0,113

543245,0.0,113

544505,0.0,113

547465,0.0,113

548760,0.0,113

551462,0.0,113

554461,0.0,113

555758,0.0,113

557462,0.0,113

558758,0.0,113

560473,0.0,113

561755,0.0,113

563239,0.0,113

564453,0.0,113

565748,0.0,113

568240,0.0,113

569458,0.0,113

572451,0.0,113

573753,0.0,113

576447,0.0,113

578229,0.0,113

579446,0.0,113

580746,0.0,113

582444,0.0,113

583755,0.0,113

586441,0.0,113

588223,0.0,113

893029,0.0,113

894248,0.0,113

895547,0.0,113

897267,0.0,113

898543,0.0,113

899545,0.0,113

901242,0.0,113

903018,0.0,113

904240,0.0,113

906242,0.0,113

908012,0.0,113

909241,0.0,113

910534,0.0,113

911537,0.0,113

913008,0.0,113

914235,0.0,113

915533,0.0,113

917233,0.0,113

918533,0.0,113

920229,0.0,113

922230,0.0,112

923530,0.0,112

925228,0.0,113

926525,0.0,112

928045,0.0,112

929227,0.0,112

930527,0.0,111

932233,0.0,113

933526,0.0,113

935221,0.0,113

936262,0.0,113

937995,0.0,113

939259,0.0,113

940521,0.0,112

941526,0.0,112

943000,0.0,112

944218,0.0,112

945537,0.0,112

947218,0.0,112

948519,0.0,109

949523,0.0,113

951217,0.0,113

953001,0.0,113

954214,0.0,113

955520,0.0,113

957212,0.0,113

958517,0.0,113

960208,0.0,113

961511,0.0,113

962995,0.0,113

964206,0.0,112

965513,0.0,112

967205,0.0,112

968509,0.0,112

970204,0.0,112

971505,0.0,112

972985,0.0,111

974200,0.0,111

975507,0.0,111

977199,0.0,110

978242,0.0,110

979511,0.0,112

981201,0.0,112

982978,0.0,112

984194,0.0,112

985500,0.0,112

987233,0.0,112

988498,0.0,111

990191,0.0,111

991234,0.0,111

992972,0.0,111

994192,0.0,110

995489,0.0,110

997184,0.0,110

998496,0.0,109

1000184,0.0,108

1001491,0.0,108

1002967,0.0,108

1004186,0.0,107

1005486,0.0,106

1007180,0.0,105

1008484,0.0,111

1010177,0.0,112

1011483,0.0,112

1012959,0.0,112

1014179,0.0,112

1015477,0.0,112

1017181,0.0,112

1018475,0.0,112

1020171,0.0,112

1021477,0.0,112

1022954,0.0,112

1024184,0.0,112

1025463,0.0,112

1027173,0.0,112

1028206,0.0,112

1029475,0.0,111

1031165,0.0,111

1032948,0.0,110

1034168,0.0,110

1035467,0.0,110

1037168,0.0,108

1038201,0.0,107

1039467,0.0,107

1041161,0.0,106

1042197,0.0,105

1043453,0.0,105

1045154,0.0,105

1046456,0.0,103

1047933,0.0,102

1049170,0.0,102

1050450,0.0,111

1051459,0.0,111

1052935,0.0,111

1054151,0.0,111

1055457,0.0,111

1057149,0.0,111

1058455,0.0,111

1060147,0.0,111

1061454,0.0,110

1062930,0.0,110

1064150,0.0,109

1065449,0.0,109

1067144,0.0,109

1068448,0.0,109

1070141,0.0,108

1071449,0.0,108

1072924,0.0,108

1074155,0.0,107

1075441,0.0,107

1077143,0.0,107

1078440,0.0,107

1079478,0.0,107

1081139,0.0,107

1082918,0.0,106

1084137,0.0,108

1085435,0.0,107

1087135,0.0,106

1088432,0.0,109

1090168,0.0,111

1091431,0.0,111

1092910,0.0,111

1094130,0.0,111

1095421,0.0,111

1097126,0.0,111

1098419,0.0,111

1100135,0.0,111

1101418,0.0,111

1102905,0.0,111

1104123,0.0,111

1105422,0.0,111

1107123,0.0,111

1108420,0.0,112

1110121,0.0,112

1111418,0.0,112

1112902,0.0,112

1114114,0.0,112

1115415,0.0,112

1117117,0.0,112

1118413,0.0,112

1120114,0.0,112

1121412,0.0,112

1122896,0.0,112

1124107,0.0,112

1125427,0.0,112

1127105,0.0,112

1128408,0.0,111

1130147,0.0,111

1131407,0.0,111

1132883,0.0,111

1134102,0.0,110

1135409,0.0,110

1137101,0.0,109

1138403,0.0,110

1140098,0.0,110

1141400,0.0,110

1142926,0.0,110

1144096,0.0,109

1145406,0.0,108

1147095,0.0,110

1148402,0.0,107

1150091,0.0,107

1151393,0.0,108

1152889,0.0,108

1154087,0.0,109

1155398,0.0,108

1157086,0.0,109

1158394,0.0,106

1160083,0.0,106

1161394,0.0,106

1162868,0.0,106

1164081,0.0,107

1165390,0.0,106

1167080,0.0,110

1168387,0.0,111

1170077,0.0,111

1171385,0.0,111

1172859,0.0,111

1174079,0.0,111

1175377,0.0,109

1177072,0.0,110

1178394,0.0,109

1180067,0.0,111

1181369,0.0,110

1182843,0.0,110

1184064,0.0,109

1185362,0.0,111

1187063,0.0,109

1188359,0.0,111

1190056,0.0,111

1191360,0.0,111

1192830,0.0,111

1195054,0.0,111

1196355,0.0,112

1197830,0.0,112

1531855,0.0,112

1533133,0.0,112

1534139,0.0,112

1535838,0.0,112

1537615,0.0,112

1539835,0.0,112

1541140,0.0,112

1542610,0.0,112

1543835,0.0,112

1545126,0.0,112

1546831,0.0,112

1548135,0.0,112

1549830,0.0,112

1551134,0.0,112

1552605,0.0,112

1553830,0.0,112

1555118,0.0,112

1556842,0.0,112

1558124,0.0,112

1559823,0.0,112

1561126,0.0,112

1562598,0.0,112

1563826,0.0,112

1565121,0.0,112

1566824,0.0,111

1568118,0.0,110

1569818,0.0,108

1571119,0.0,108

1572593,0.0,112

1573819,0.0,111

1575116,0.0,111

1576818,0.0,112

1578113,0.0,109

1579815,0.0,107

1581107,0.0,108

1582586,0.0,109

1583831,0.0,108

1585111,0.0,112

1586816,0.0,112

1588109,0.0,108

1589814,0.0,106

1591106,0.0,112

1593805,0.0,112

1595104,0.0,112

1596807,0.0,112

1598102,0.0,111

1599805,0.0,112

1601100,0.0,112

1602580,0.0,112

1603798,0.0,112

1605097,0.0,112

1606796,0.0,112

1608094,0.0,112

1609809,0.0,112

1611797,0.0,112

1613091,0.0,112

1614795,0.0,112

1616090,0.0,112

1617566,0.0,112

1618791,0.0,112

1620086,0.0,112

1621790,0.0,112

1623089,0.0,112

1624788,0.0,112

1626083,0.0,112

1627565,0.0,112

1628784,0.0,112

1630081,0.0,112

1631781,0.0,112

1633080,0.0,112

1634797,0.0,112

3378676,0.0,112

3379973,0.0,113

3381389,0.0,113

3382681,0.0,113

3383973,0.0,113

3385678,0.0,113

3387673,0.0,113

3388962,0.0,113

3390671,0.0,113

3391969,0.0,113

3393669,0.0,113

3394980,0.0,113

3396375,0.0,113

3397681,0.0,113

3398956,0.0,113

3400665,0.0,113

3401955,0.0,113

3403664,0.0,113

3405662,0.0,113

3406955,0.0,113

3408660,0.0,113

3410661,0.0,113

3412682,0.0,113

3414663,0.0,113

3416376,0.0,113

3417661,0.0,113

3418943,0.0,113

3421386,0.0,113

3422654,0.0,113

3423953,0.0,113

3425652,0.0,113

3426951,0.0,113

3428651,0.0,113

3429942,0.0,113

3435650,0.0,113

3436941,0.0,113

3439647,0.0,113

3442647,0.0,113

3443937,0.0,113

3445641,0.0,113

3446937,0.0,113

3449636,0.0,113

3451357,0.0,113

3452635,0.0,113

3453934,0.0,113

3454947,0.0,112

3457635,0.0,111

3459654,0.0,107

3461348,0.0,108

3465628,0.0,107

3466923,0.0,106

3472628,0.0,107

3473920,0.0,111

3476343,0.0,111

3477621,0.0,111

3479619,0.0,111

3482616,0.0,112

3483912,0.0,112

3486613,0.0,111

3487915,0.0,110

3489611,0.0,109

3491337,0.0,108

3494610,0.0,111

3496343,0.0,111

3497612,0.0,110

3499613,0.0,108

3502609,0.0,108

3503900,0.0,107

3505619,0.0,107

3507600,0.0,107

3508903,0.0,107

3510619,0.0,110

3511900,0.0,110

3513597,0.0,111

3514902,0.0,111

3516327,0.0,111

3517596,0.0,110

3518886,0.0,110

3520593,0.0,110

3522591,0.0,111

3523893,0.0,111

3525587,0.0,112

3526877,0.0,111

3529584,0.0,110

3531307,0.0,110

3532585,0.0,107

3533885,0.0,107

3535585,0.0,107

3538581,0.0,111

3539886,0.0,111

3541287,0.0,110

3542581,0.0,110

3543867,0.0,110

3546573,0.0,111

3547866,0.0,111

3549573,0.0,111

3551284,0.0,110

3554576,0.0,111

3558568,0.0,112

3560572,0.0,110

3562584,0.0,109

3563860,0.0,110

3565589,0.0,111

3569562,0.0,111

3571276,0.0,111

3572561,0.0,111

3573854,0.0,111

3575559,0.0,112

3577563,0.0,112

3578845,0.0,112

3580561,0.0,112

3581843,0.0,112

3583559,0.0,112

3584841,0.0,112

3586279,0.0,112

3588547,0.0,112

3589850,0.0,112

3591256,0.0,112

