4146,0.0,114

5804,0.0,114

6839,0.0,114

8101,0.0,114

9103,0.0,11411374

12574,0.0,114

15797,0.0,114

16799,0.0,114

18102,0.0,113

4220,0.0,113

5261,0.0,114

6518,0.0,114

9217,0.0,113

10216,0.0,114

14215,0.0,113

15212,0.0,114

19213,0.0,113

20512,0.0,113

21509,0.0,113

23023,0.0,113

24208,0.0,113

25208,0.0,113

26246,0.0,113

27981,0.0,113

29209,0.0,113

31526,0.0,113

36501,0.0,113

39201,0.0,113

40202,0.0,113

42202,0.0,113

43199,0.0,113

44198,0.0,113

45501,0.0,113

46498,0.0,113

49197,0.0,113

51195,0.0,113

52976,0.0,113

56229,0.0,113

57974,0.0,113

59196,0.0,113

60226,0.0,113

61492,0.0,113

64225,0.0,113

66490,0.0,113

68007,0.0,113

69188,0.0,113

71226,0.0,113

72968,0.0,113

4162,0.0,113

6836,0.0,113

7836,0.0,113

9833,0.0,113

11868,0.0,113

13127,0.0,113

14129,0.0,113

18867,0.0,113

20600,0.0,113

21827,0.0,113

22866,0.0,113

24828,0.0,113

25891,0.0,113

27144,0.0,113

28120,0.0,113

29155,0.0,113

30598,0.0,113

32861,0.0,113

34121,0.0,113

35595,0.0,113

36822,0.0,113

39115,0.0,113

40591,0.0,113

41820,0.0,113

42856,0.0,113

44815,0.0,113

48109,0.0,113

49150,0.0,113

50580,0.0,113

51816,0.0,113

53107,0.0,113

54109,0.0,113

55608,0.0,113

56810,0.0,113

61809,0.0,113

63102,0.0,113

64809,0.0,113

66809,0.0,113

67806,0.0,113

68841,0.0,113

70576,0.0,113

71803,0.0,113

74097,0.0,113

75570,0.0,112

76802,0.0,111

78800,0.0,103

80575,0.0,100

81799,0.0,97

83836,0.0,97

85667,44,2.702

86799,0.0,98

88092,0.0,109

89196,11,3.270

90606,0.0,111

91795,0.0,111

92794,0.0,111

93828,0.0,111

96795,0.0,112

99794,0.0,112

100815,0.0,112

102791,0.0,112

103797,0.0,112

105556,0.0,112

106787,0.0,112

108810,0.0,112

109807,0.0,112

111789,0.0,112

112791,0.0,112

113799,0.0,112

116807,0.0,111

118084,0.0,107

119087,0.0,97

120658,37,2.490

121797,0.0,110

129776,0.0,112

130776,0.0,112

131782,0.0,111

133061,0.0,111

134772,0.0,109

136064,0.0,103

137060,0.0,94

140552,0.0,109

141782,0.0,109

143073,0.0,100

144070,0.0,98

145558,0.0,98

146770,0.0,98

147771,0.0,98

149071,0.0,98

150545,0.0,98

152766,0.0,110

154765,0.0,111

155773,0.0,111

156783,0.0,111

158064,0.0,111

159067,0.0,111

160568,0.0,111

162764,0.0,111

163864,15,3.275

164762,0.0,111

166062,0.0,111

167063,0.0,111

168762,0.0,111

169759,0.0,111

171758,0.0,109

173757,0.0,98

174766,0.0,101

176060,0.0,100

177766,0.0,100

178754,0.0,100

179759,0.0,100

181053,0.0,100

182054,0.0,102

183063,0.0,106

184752,0.0,107

185754,0.0,107

186759,0.0,107

188053,0.0,107

189048,0.0,107

190536,0.0,107

192748,0.0,108

193760,0.0,108

196749,0.0,108

197753,0.0,108

199146,44,3.136

200522,0.0,104

201754,0.0,104

203742,0.0,104

204754,0.0,104

205743,0.0,104

206749,0.0,103

207760,0.0,104

210514,0.0,106

211742,0.0,106

212737,0.0,106

213749,0.0,106

214736,0.0,106

215740,0.0,105

216735,0.0,105

218735,0.0,102

219742,0.0,101

221036,0.0,101

222034,0.0,101

223036,0.0,101

224034,0.0,101

225526,0.0,101

226830,44,2.828

227734,0.0,102

228742,0.0,103

229730,0.0,106

230731,0.0,107

232029,0.0,107

233032,0.0,107

234029,0.0,108

235510,0.0,108

237725,0.0,107

238725,0.0,107

239723,0.0,103

241822,44,2.902

243721,0.0,104

244731,0.0,104

246014,0.0,104

247730,0.0,106

249015,0.0,108

250499,0.0,110

253715,0.0,110

254714,0.0,110

256010,0.0,110

256942,39,3.254

258011,0.0,110

259025,0.0,110

260500,0.0,110

261730,0.0,110

263709,0.0,111

265485,0.0,111

266711,0.0,111

267716,0.0,111

269005,0.0,108

272704,0.0,105

273704,0.0,105

274704,0.0,105

275999,0.0,103

277002,0.0,103

278009,0.0,103

279002,0.0,103

280479,0.0,103

282701,0.0,101

283800,44,2.822

284712,0.0,100

285992,0.0,102

286995,0.0,110

288798,11,3.245

289697,0.0,110

290708,0.0,110

292090,42,3.250

292990,0.0,110

293985,0.0,110

296793,11,3.257

298079,15,3.259

298983,0.0,110

300462,0.0,111

301692,0.0,111

302688,0.0,111

303795,19,3.264

306685,0.0,111

307690,0.0,110

308976,0.0,109

310481,0.0,107

312710,0.0,106

313975,0.0,108

315456,0.0,108

318785,44,3.151

319721,0.0,107

321000,0.0,107

323717,0.0,108

325459,0.0,108

327717,0.0,108

332716,0.0,104

333971,0.0,103

335455,0.0,102

336674,0.0,102

337679,0.0,102

338711,0.0,102

340451,0.0,102

341770,44,2.863

342708,0.0,102

343973,0.0,102

345449,0.0,103

347671,0.0,102

349669,0.0,102

350965,0.0,102

353710,0.0,103

355445,0.0,103

357713,0.0,111

361701,0.0,110

363058,11,3.248

366660,0.0,110

367662,0.0,110

368696,0.0,110

370435,0.0,99

371661,0.0,99

372953,0.0,98

373790,0.0,98

375433,0.0,99

377756,42,3.019

380433,0.0,110

381656,0.0,110

382687,0.0,110

383950,0.0,110

385428,0.0,110

386685,0.0,110

387946,0.0,109

388942,0.0,106

393647,0.0,101

395518,39,2.895

396746,39,3.032

399644,0.0,100

401643,0.0,100

403647,0.0,101

405451,0.0,102

406640,0.0,104

407643,0.0,104

409639,0.0,104

411638,0.0,104

413637,0.0,104

415447,0.0,106

416635,0.0,106

418642,0.0,107

420415,0.0,107

421634,0.0,107

422652,0.0,107

423930,0.0,107

425422,0.0,107

426630,0.0,108

427729,39,3.155

428926,0.0,108

430407,0.0,108

431631,0.0,108

432924,0.0,109

433938,0.0,110

435412,0.0,110

436628,0.0,110

437625,0.0,110

438633,0.0,110

440407,0.0,110

441722,19,3.256

444722,39,3.159

450399,0.0,104

451619,0.0,104

452619,0.0,104

453638,0.0,110

455393,0.0,110

457629,0.0,104

459010,39,2.862

460395,0.0,101

461615,0.0,101

462617,0.0,102

463614,0.0,102

464638,0.0,102

465910,0.0,103

469613,0.0,102

471612,0.0,103

474619,0.0,103

475907,0.0,103

477605,0.0,104

478906,0.0,104

481702,39,2.897

482912,0.0,108

483911,0.0,110

485391,0.0,110

487704,39,3.242

488600,0.0,110

491598,0.0,109

492599,0.0,107

494599,0.0,103

496704,39,2.890

497890,0.0,104

498988,39,2.922

500382,0.0,104

501596,0.0,101

502692,39,2.911

503989,13,3.250

505367,0.0,110

506702,11,3.243

507885,0.0,110

508887,0.0,110

510372,0.0,110

511592,0.0,110

512588,0.0,110

513883,0.0,110

515383,0.0,110

518585,0.0,110

519587,0.0,110

520592,0.0,110

521879,0.0,110

522875,0.0,110

524585,0.0,110

525582,0.0,111

526593,0.0,111

527874,0.0,111

528876,0.0,111

531578,0.0,111

532578,0.0,111

533871,0.0,111

537588,0.0,111

538868,0.0,111

540352,0.0,111

541583,0.0,111

542866,0.0,111

543868,0.0,111

545347,0.0,111

546574,0.0,111

547672,39,3.269

548965,11,3.270

551572,0.0,111

552861,0.0,111

553863,0.0,111

555354,0.0,111

556567,0.0,111

558566,0.0,111

560344,0.0,111

561564,0.0,111

562572,0.0,111

563857,0.0,111

565338,0.0,111

566574,0.0,111

568563,0.0,111

569569,0.0,111

570856,0.0,111

573560,0.0,111

574558,0.0,111

575569,0.0,111

577561,0.0,111

578555,0.0,111

581557,0.0,111

585326,0.0,111

586555,0.0,111

587845,0.0,111

588846,0.0,111

590330,0.0,111

592852,0.0,111

594550,0.0,111

596851,0.0,111

597840,0.0,111

598842,0.0,111

600320,0.0,111

601545,0.0,111

602555,0.0,111

603836,0.0,111

605320,0.0,111

606551,0.0,111

607546,0.0,111

608541,0.0,111

612538,0.0,111

613551,0.0,111

615313,0.0,111

616540,0.0,111

617545,0.0,111

618831,0.0,111

620310,0.0,111

621535,0.0,111

622537,0.0,111

623535,0.0,111

626532,0.0,111

627534,0.0,111

629530,0.0,111

630531,0.0,111

632824,0.0,111

633822,0.0,111

635304,0.0,111

636526,0.0,111

641524,0.0,111

642821,0.0,111

643818,0.0,111

645309,0.0,111

646522,0.0,111

647522,0.0,111

649522,0.0,111

651520,0.0,111

652815,0.0,111

655298,0.0,111

657521,0.0,111

658528,0.0,111

661519,0.0,111

662523,0.0,111

663811,0.0,111

665287,0.0,111

666524,0.0,111

667806,0.0,111

668805,0.0,111

670287,0.0,111

671510,0.0,111

673510,0.0,111

674511,0.0,111

676515,0.0,111

681507,0.0,111

682504,0.0,111

683800,0.0,111

688501,0.0,111

689504,0.0,111

691505,0.0,111

692499,0.0,111

693508,0.0,111

695275,0.0,111

698497,0.0,111

699499,0.0,111

700495,0.0,111

702497,0.0,111

703495,0.0,111

705270,0.0,111

706493,0.0,111

707529,0.0,111

708785,0.0,111

710269,0.0,111

711525,0.0,111

712782,0.0,112

713786,0.0,112

717487,0.0,112

718524,0.0,112

720254,0.0,112

721488,0.0,112

723483,0.0,112

724486,0.0,112

725776,0.0,112

726778,0.0,112

727776,0.0,112

729484,0.0,112

731480,0.0,112

732776,0.0,112

733773,0.0,112

739478,0.0,112

741476,0.0,112

742479,0.0,112

743768,0.0,112

749471,0.0,112

750474,0.0,112

751766,0.0,112

752766,0.0,112

754506,0.0,112

755762,0.0,112

756760,0.0,112

758469,0.0,112

762761,0.0,112

764497,0.0,112

766777,0.0,112

768463,0.0,112

769462,0.0,112

770498,0.0,112

771752,0.0,112

772755,0.0,112

773787,0.0,112

776461,0.0,112

778460,0.0,112

779457,0.0,112

781456,0.0,112

782457,0.0,112

785227,0.0,112

786455,0.0,112

788454,0.0,112

793451,0.0,112

794485,0.0,112

795745,0.0,112

796577,0.0,112

797743,0.0,112

798739,0.0,112

800245,0.0,112

801444,0.0,112

802444,0.0,112

803456,0.0,112

805213,0.0,112

807450,0.0,112

808736,0.0,112

810210,0.0,112

812442,0.0,112

813438,0.0,112

814449,0.0,112

819440,0.0,112

820435,0.0,112

821443,0.0,112

823434,0.0,112

825201,0.0,112

828438,0.0,112

830209,0.0,112

831429,0.0,112

833429,0.0,112

834430,0.0,112

837427,0.0,112

838435,0.0,112

840198,0.0,112

841426,0.0,112

842435,0.0,112

843721,0.0,112

845203,0.0,112

846424,0.0,112

848423,0.0,112

851425,0.0,112

854420,0.0,112

855422,0.0,112

856427,0.0,112

858421,0.0,112

859427,0.0,112

860713,0.0,112

861711,0.0,112

863416,0.0,112

864415,0.0,112

865425,0.0,112

866707,0.0,112

868422,0.0,112

870190,0.0,112

875184,0.0,112

876411,0.0,112

879409,0.0,112

880703,0.0,112

883418,0.0,112

885174,0.0,112

886406,0.0,112

888409,0.0,112

889404,0.0,112

890415,0.0,112

891695,0.0,112

892694,0.0,112

893704,0.0,112

897397,0.0,112

898693,0.0,112

901397,0.0,112

902690,0.0,112

903688,0.0,112

905175,0.0,112

909400,0.0,112

910684,0.0,112

911683,0.0,112

912685,0.0,112

916392,0.0,112

917681,0.0,112

918679,0.0,112

924412,0.0,112

925680,0.0,112

926685,0.0,112

927678,0.0,112

930673,0.0,112

932380,0.0,112

935149,0.0,112

936389,0.0,112

937672,0.0,112

938674,0.0,112

941376,0.0,112

942377,0.0,112

946371,0.0,112

947385,0.0,112

948665,0.0,112

950145,0.0,112

951372,0.0,112

952371,0.0,112

954379,0.0,112

955665,0.0,112

956662,0.0,112

957665,0.0,112

958661,0.0,112

960148,0.0,112

961366,0.0,112

966365,0.0,112

968364,0.0,112

969361,0.0,112

971360,0.0,112

972359,0.0,112

973371,0.0,112

976360,0.0,112

980131,0.0,112

982649,0.0,112

983484,0.0,112

985134,0.0,112

986352,0.0,112

988359,0.0,112

990123,0.0,112

992650,0.0,112

994347,0.0,112

995358,0.0,112

996639,0.0,112

997643,0.0,112

998638,0.0,112

1003640,0.0,112

1005112,0.0,112

1006344,0.0,112

1007342,0.0,112

1008352,0.0,112

1010110,0.0,112

1013338,0.0,112

1014340,0.0,112

1015347,0.0,112

1016632,0.0,112

1017627,0.0,112

1019334,0.0,112

1020336,0.0,112

1021342,0.0,112

1022625,0.0,112

1023627,0.0,112

1027625,0.0,112

1028625,0.0,112

1030094,0.0,112

1031341,0.0,112

1034330,0.0,112

1037325,0.0,112

1038336,0.0,112

1040091,0.0,112

1041324,0.0,112

1042331,0.0,112

1043617,0.0,112

1045089,0.0,112

1046322,0.0,112

1049330,0.0,112

1050611,0.0,112

1053317,0.0,112

1054318,0.0,112

1056318,0.0,112

1057315,0.0,112

1058325,0.0,112

1060074,0.0,112

1061312,0.0,112

1063312,0.0,112

1065072,0.0,112

1066312,0.0,112

1068309,0.0,112

1070069,0.0,112

1072312,0.0,112

1075065,0.0,112

1076314,0.0,112

1077309,0.0,112

1078307,0.0,112

1080070,0.0,112

1081307,0.0,112

1084302,0.0,112

1085301,0.0,112

1086364,0.0,112

1090067,0.0,112

1092336,0.0,112

1097331,0.0,112

1100063,0.0,112

1101297,0.0,112

1103627,0.0,112

1105057,0.0,112

1106294,0.0,112

1107328,0.0,112

1108587,0.0,112

1110055,0.0,112

1111292,0.0,112

1112289,0.0,112

1113288,0.0,112

1115065,0.0,112

1116286,0.0,112

1117327,0.0,112

1118579,0.0,112

1121284,0.0,112

1125577,0.0,112

1126595,0.0,112

1129283,0.0,112

1130278,0.0,112

1134314,0.0,112

1135570,0.0,112

1136572,0.0,112

1137604,0.0,112

1139277,0.0,112

1140274,0.0,112

1142274,0.0,112

1146271,0.0,112

1150039,0.0,112

1151271,0.0,112

1152306,0.0,112

1153564,0.0,112

1155034,0.0,112

1156305,0.0,112

1157560,0.0,112

1158563,0.0,112

1161268,0.0,112

1162300,0.0,112

1163560,0.0,112

1166263,0.0,112

1167558,0.0,112

1170552,0.0,112

1172258,0.0,112

1173552,0.0,112

1174994,0.0,112

1176279,0.0,112

1177553,0.0,112

1178549,0.0,112

1180037,0.0,112

1181254,0.0,112

1183254,0.0,112

1184993,0.0,112

1186254,0.0,112

1191249,0.0,112

1193251,0.0,112

1197250,0.0,112

1198246,0.0,112

1199255,0.0,112

1200538,0.0,112

1203244,0.0,112

1204245,0.0,112

1205535,0.0,112

1206538,0.0,112

1209244,0.0,112

1210241,0.0,112

1212239,0.0,112

1213242,0.0,112

1214247,0.0,112

1215541,0.0,112

1217236,0.0,112

1218532,0.0,112

1219977,0.0,112

1221246,0.0,112

1222526,0.0,112

1223530,0.0,112

1224973,0.0,112

1227256,0.0,112

1228533,0.0,112

1229973,0.0,112

1232526,0.0,112

1233522,0.0,112

1236227,0.0,112

1237231,0.0,112

1238235,0.0,112

1239966,0.0,112

1242232,0.0,112

1243521,0.0,112

1246233,0.0,112

1251229,0.0,112

1253219,0.0,112

1256220,0.0,112

1258216,0.0,112

1259957,0.0,112

1261219,0.0,112

1263519,0.0,112

1264954,0.0,112

1266215,0.0,112

1268212,0.0,112

1270512,0.0,112

1271506,0.0,112

1272503,0.0,112

1273506,0.0,112

1276211,0.0,112

1277501,0.0,112

1278523,0.0,112

1282207,0.0,112

1284215,0.0,112

1285497,0.0,112

1286498,0.0,112

1288202,0.0,112

1289940,0.0,112

1292199,0.0,112

1293202,0.0,112

1294938,0.0,112

1296198,0.0,112

1297210,0.0,112

1298490,0.0,112

1303195,0.0,112

1305485,0.0,112

1306485,0.0,112

1309192,0.0,112

1310191,0.0,112

1311202,0.0,112

1314938,0.0,112

1316189,0.0,112

1317190,0.0,112

1319189,0.0,112

1321197,0.0,112

1322478,0.0,112

1324187,0.0,112

1325476,0.0,112

1326479,0.0,112

1327488,0.0,112

1328478,0.0,112

1329946,0.0,112

1332180,0.0,112

1334947,0.0,112

1336179,0.0,112

1337181,0.0,112

1338470,0.0,112

1339921,0.0,112

1342186,0.0,112

1343468,0.0,112

1346173,0.0,112

1347174,0.0,112

1348185,0.0,112

1349938,0.0,112

1352171,0.0,112

1355463,0.0,112

1356465,0.0,112

1358171,0.0,112

1361169,0.0,112

1363179,0.0,112

1364931,0.0,112

1366164,0.0,112

1367460,0.0,112

1368457,0.0,112

1369940,0.0,112

1371162,0.0,112

1372164,0.0,112

1373168,0.0,112

1374927,0.0,112

1376158,0.0,112

1377451,0.0,112

1379946,0.0,112

1381159,0.0,112

1382156,0.0,112

1383166,0.0,112

1384920,0.0,112

1386157,0.0,112

1387448,0.0,112

1388447,0.0,112

1389918,0.0,112

1391152,0.0,112

1392154,0.0,112

1393161,0.0,112

1396150,0.0,112

1397160,0.0,112

1398440,0.0,112

1401149,0.0,112

1402439,0.0,112

1403443,0.0,112

1404919,0.0,112

1406146,0.0,112

1407144,0.0,112

1408154,0.0,112

1412145,0.0,112

1413434,0.0,112

1414908,0.0,112

1417143,0.0,112

1418139,0.0,112

1419151,0.0,112

1421137,0.0,112

1422155,0.0,112

1424139,0.0,112

1425143,0.0,112

1427428,0.0,112

1428435,0.0,112

1429899,0.0,112

1431133,0.0,112

1433132,0.0,112

1434133,0.0,112

1435140,0.0,112

1436426,0.0,112

1437423,0.0,112

1442138,0.0,112

1443421,0.0,112

1444894,0.0,112

1447129,0.0,112

1448125,0.0,112

1452123,0.0,112

1453133,0.0,112

1456122,0.0,112

1459885,0.0,112

1461121,0.0,112

1462118,0.0,112

1463116,0.0,112

1466115,0.0,112

1467127,0.0,112

1469117,0.0,112

1471115,0.0,112

1473114,0.0,112

1474877,0.0,112

1476114,0.0,112

1477153,0.0,112

1479875,0.0,112

1482401,0.0,112

1483402,0.0,112

1484874,0.0,112

1486106,0.0,112

1487144,0.0,112

1490433,0.0,112

1492102,0.0,112

1493380,0.0,112

1494896,0.0,112

1496102,0.0,112

1497100,0.0,112

1498395,0.0,112

1501103,0.0,112

1502391,0.0,112

1503390,0.0,112

1504857,0.0,112

1506096,0.0,112

1507099,0.0,112

1509097,0.0,112

1511096,0.0,112

1512391,0.0,112

1515421,0.0,112

1517094,0.0,112

1518090,0.0,112

1519854,0.0,112

1522089,0.0,112

1523382,0.0,112

1524847,0.0,112

1527378,0.0,112

1528380,0.0,112

1529852,0.0,112

1531109,0.0,112

1533412,0.0,112

1534816,0.0,112

1537118,0.0,112

1538372,0.0,112

1541078,0.0,112

1543078,0.0,112

1544114,0.0,112

1546076,0.0,112

1548073,0.0,112

1549077,0.0,112

1550110,0.0,112

1551370,0.0,112

1552366,0.0,112

1554811,0.0,112

1557109,0.0,112

1558363,0.0,112

1559813,0.0,112

1561070,0.0,112

1562071,0.0,112

1563068,0.0,112

1564809,0.0,112

1566065,0.0,112

1567102,0.0,112

1568361,0.0,112

1571105,0.0,112

1572357,0.0,112

1573359,0.0,112

1574811,0.0,112

1576065,0.0,112

1577061,0.0,112

1579064,0.0,112

1581363,0.0,112

1582374,0.0,112

1584805,0.0,112

1587349,0.0,112

1588348,0.0,112

1591056,0.0,112

1592073,0.0,112

1593337,0.0,112

1596051,0.0,112

1597054,0.0,112

1598059,0.0,112

1599790,0.0,112

1603051,0.0,112

1608045,0.0,112

1609049,0.0,112

1610053,0.0,112

1611339,0.0,112

1612337,0.0,112

1613347,0.0,112

1616044,0.0,112

1618039,0.0,112

1619043,0.0,112

1622039,0.0,112

1624047,0.0,112

1625330,0.0,112

1626333,0.0,112

1629035,0.0,112

1631043,0.0,112

1633351,0.0,112

1634772,0.0,112

1637031,0.0,112

1638042,0.0,112

1639772,0.0,112

1642038,0.0,112

1643322,0.0,112

1644768,0.0,112

1646027,0.0,112

1647030,0.0,112

1649038,0.0,112

1651030,0.0,112

1652033,0.0,112

1653316,0.0,112

1654765,0.0,112

1657025,0.0,112

1658311,0.0,112

1659771,0.0,112

1662015,0.0,112

1663028,0.0,112

1667016,0.0,112

1669756,0.0,112

1671026,0.0,112

1672307,0.0,112

1673307,0.0,112

1674761,0.0,112

1676013,0.0,112

1677015,0.0,112

1679013,0.0,112

1681021,0.0,112

1682302,0.0,112

1683302,0.0,112

1688308,0.0,112

1689748,0.0,112

1694003,0.0,112

1695005,0.0,112

1698001,0.0,112

1699013,0.0,112

1700293,0.0,112

1701296,0.0,112

1702292,0.0,112

1703291,0.0,112

1704740,0.0,112

1705997,0.0,112

1706999,0.0,112

1708005,0.0,112

1709739,0.0,112

1711994,0.0,112

1713287,0.0,112

1715994,0.0,112

1717286,0.0,112

1718990,0.0,112

1722280,0.0,112

1723293,0.0,112

1726987,0.0,112

1728281,0.0,112

1729726,0.0,112

1731984,0.0,112

1735277,0.0,112

1736285,0.0,112

1737284,0.0,112

1738277,0.0,112

1740992,0.0,112

1744730,0.0,112

1746981,0.0,112

1747977,0.0,112

1750975,0.0,112

1751986,0.0,112

1753268,0.0,112

1754713,0.0,112

1755983,0.0,112

1759720,0.0,112

1760980,0.0,112

1762264,0.0,112

1763258,0.0,112

1764708,0.0,112

1765976,0.0,112

1767263,0.0,112

1769696,0.0,112

1771964,0.0,112

1772966,0.0,112

1773967,0.0,112

1775971,0.0,112

1779689,0.0,112

1780962,0.0,112

1781964,0.0,112

1782960,0.0,112

1783958,0.0,112

1785959,0.0,112

1786956,0.0,112

1787968,0.0,112

1790958,0.0,112

1791964,0.0,112

1794694,0.0,112

1795964,0.0,112

1797245,0.0,112

1798240,0.0,112

1801950,0.0,112

1803243,0.0,112

1804692,0.0,112

1805947,0.0,112

1807947,0.0,112

1810239,0.0,112

1811945,0.0,112

1813238,0.0,112

1814687,0.0,112

1817238,0.0,112

1818234,0.0,112

1819694,0.0,112

1820941,0.0,112

1821943,0.0,112

1823939,0.0,112

1826240,0.0,112

1827234,0.0,112

1828231,0.0,112

1829680,0.0,112

1832241,0.0,112

1833228,0.0,112

1834674,0.0,112

1835945,0.0,112

1837228,0.0,112

1838228,0.0,112

1839647,0.0,112

1840931,0.0,112

1842941,0.0,112

1844669,0.0,112

1845927,0.0,112

1848923,0.0,112

1849932,0.0,112

1851214,0.0,112

1852219,0.0,112

1853923,0.0,112

1854923,0.0,112

1857922,0.0,112

1860921,0.0,112

1861919,0.0,112

1863207,0.0,112

1865920,0.0,112

1867204,0.0,112

1868917,0.0,112

1870212,0.0,112

1871209,0.0,112

1872953,0.0,112

1875915,0.0,112

1876948,0.0,112

1878204,0.0,112

1879652,0.0,112

1880914,0.0,112

1883203,0.0,112

1885932,0.0,112

1887204,0.0,112

1888906,0.0,112

1891235,0.0,112

1892904,0.0,112

1893903,0.0,112

1896907,0.0,112

1897905,0.0,112

1900903,0.0,112

1901899,0.0,112

1903193,0.0,112

1905897,0.0,112

1909638,0.0,110

1910936,0.0,109

1912189,0.0,104

1913189,0.0,100

1914735,44,2.636

1916895,0.0,111

1920890,0.0,112

1921926,0.0,112

1923182,0.0,110

1924729,44,3.068

1925889,0.0,103

1926897,0.0,103

1928181,0.0,102

1929628,0.0,102

1930887,0.0,101

1932181,0.0,100

1933182,0.0,99

1934661,0.0,100

1935886,0.0,99

1937006,42,2.694

1938318,42,2.645

1939628,0.0,97

1940884,0.0,101

1942178,0.0,103

1943179,0.0,103

1944759,44,2.936

1945879,0.0,103

1946882,0.0,103

1947915,0.0,103

1949625,0.0,104

1950877,0.0,103

1952177,0.0,102

1953173,0.0,103

1954659,0.0,103

1955874,0.0,104

1956876,0.0,104

1957912,0.0,105

1959617,0.0,105

1960971,42,2.413

1962167,0.0,109

1963170,0.0,110

1967867,0.0,110

1968871,0.0,110

1970164,0.0,110

1971167,0.0,109

1972173,0.0,101

1974710,44,2.705

1978872,0.0,110

1980181,0.0,110

1981871,0.0,110

1983161,0.0,110

1984703,15,3.244

1985860,0.0,110

1986870,0.0,110

1987884,0.0,109

1989605,0.0,108

1990866,0.0,98

1992856,0.0,107

1993865,0.0,109

1996853,0.0,110

2000855,0.0,109

2002147,0.0,98

2003149,0.0,96

2004690,42,2.452

2005849,0.0,109

2009591,0.0,110

2012855,0.0,110

2014592,0.0,110

2015942,39,2.973

2016955,37,2.833

2018141,0.0,103

2020851,0.0,109

2022142,0.0,107

2023140,0.0,107

2025839,0.0,107

2026849,0.0,110

2028156,0.0,110

2030841,0.0,109

2031846,0.0,109

2033137,0.0,108

2036839,0.0,102

2037834,0.0,100

2039601,0.0,108

2040836,0.0,109

2043832,0.0,109

2044830,0.0,110

2045841,0.0,110

2047130,0.0,102

2048228,44,2.677

2049672,42,2.519

2050830,0.0,109

2051826,0.0,109

2053128,0.0,110

2055122,0.0,110

2056122,0.0,110

2057121,0.0,109

2058133,0.0,98

2059569,0.0,97

2061832,0.0,110

2063122,0.0,110

2067918,44,3.179

2068823,0.0,103

2069827,0.0,100

2071118,0.0,97

2072828,0.0,93

2074558,0.0,95

2075815,0.0,107

2077913,42,3.135

2079556,0.0,101

2080816,0.0,98

2081812,0.0,97

2082824,0.0,95

2086812,0.0,109

2088811,0.0,109

2089929,11,3.227

2092808,0.0,100

2093827,0.0,99

2095105,0.0,99

2096107,0.0,100

2097113,0.0,100

2098807,0.0,101

2100827,0.0,110

2102199,13,3.235

2103812,0.0,109

2105100,0.0,106

2106102,0.0,90

2107206,11,3.213

2108199,21,3.223

2110811,0.0,109

2112195,15,3.236

2113099,0.0,109

2114542,0.0,98

2115798,0.0,95

2116799,0.0,95

2118799,0.0,92

2119794,0.0,91

2121095,0.0,105

2122101,0.0,109

2123200,13,3.217

2126900,13,3.229

2128108,0.0,110

2129529,0.0,107

2131801,0.0,96

2133182,37,2.412

2135786,0.0,109

2136790,0.0,109

2138797,0.0,99

2140080,0.0,93

2141107,0.0,90

2142783,0.0,109

2145789,0.0,109

2147082,0.0,109

2148793,0.0,97

2150077,0.0,97

2151079,0.0,96

2152778,0.0,97

2155888,39,3.167

2157172,39,3.198

2158076,0.0,109

2159531,0.0,110

2160779,0.0,109

2161775,0.0,110

2163081,0.0,109

2165775,0.0,109

2167775,0.0,109

2169630,37,2.451

2170776,0.0,96

2172774,0.0,101

2174622,44,2.813

2175772,0.0,100

2177771,0.0,98

2179521,0.0,98

2180871,42,2.641

2181770,0.0,98

2185868,13,3.217

2187787,0.0,109

2189524,0.0,109

2190779,0.0,110

2192065,0.0,109

2193090,0.0,109

2194617,42,3.180

2195762,0.0,102

2196764,0.0,102

2197770,0.0,101

2199510,0.0,101

2200858,42,2.587

2202061,0.0,95

2203756,0.0,108

2204756,0.0,109

2206758,0.0,109

2207764,0.0,109

2209508,0.0,109

2210754,0.0,96

2212059,0.0,94

2213056,0.0,92

2215752,0.0,109

2216749,0.0,109

2218760,0.0,109

2220750,0.0,109

2222747,0.0,110

2224498,0.0,110

2225747,0.0,110

2227745,0.0,110

2228757,0.0,110

2231744,0.0,110

2233048,0.0,110

2234496,0.0,110

2235752,0.0,110

2237045,0.0,109

2238754,0.0,91

2239840,21,3.214

2240744,0.0,109

2243743,0.0,110

2244741,0.0,109

2246043,0.0,95

2247839,37,2.535

2248736,0.0,109

2249738,0.0,109

2250737,0.0,109

2252745,0.0,110

2255833,21,3.238

2256835,21,3.240

2258732,0.0,110

2259827,15,3.245

2260766,0.0,110

2262132,21,3.247

2264476,0.0,110

2266727,0.0,110

2267764,0.0,99

2269575,44,2.864

2271764,0.0,102

2273022,0.0,106

2274471,0.0,110

2275724,0.0,110

2276726,0.0,110

2277821,21,3.243

2280722,0.0,110

2281720,0.0,110

2283021,0.0,110

2284464,0.0,110

2285758,0.0,110

2287017,0.0,110

2288018,0.0,110

2289498,0.0,110

2290814,39,3.255

2292716,0.0,110

2294489,0.0,110

2295714,0.0,110

2296752,0.0,110

2298109,39,3.260

2299460,0.0,110

2300711,0.0,111

2303711,0.0,111

2305010,0.0,111

2306007,0.0,111

2307044,0.0,111

2308708,0.0,111

2309709,0.0,111

2311006,0.0,111

2311997,0.0,111

2312997,0.0,111

2314442,0.0,111

2316705,0.0,111

2319451,0.0,111

2320737,0.0,111

2322098,15,3.269

2323701,0.0,111

2325001,0.0,111

2325997,0.0,111

2327698,0.0,111

2328702,0.0,111

2329734,0.0,111

2330988,0.0,111

2331835,0.0,111

2333030,0.0,111

2334443,0.0,111

2336733,0.0,111

2337991,0.0,111

2339438,0.0,111

2340694,0.0,111

2341692,0.0,111

2342695,0.0,111

2346691,0.0,111

2347729,0.0,111

2349433,0.0,111

2350689,0.0,111

2352688,0.0,111

2353690,0.0,111

2354696,0.0,111

2355987,0.0,111

2356983,0.0,111

2357986,0.0,111

2360683,0.0,111

2361682,0.0,111

2362683,0.0,111

2363694,0.0,111

2366689,0.0,111

2367980,0.0,111

2369424,0.0,111

2371681,0.0,111

2372677,0.0,111

2373688,0.0,111

2375678,0.0,111

2376685,0.0,111

2378676,0.0,111

2379674,0.0,111

2380974,0.0,111

2381971,0.0,111

2383673,0.0,111

2384675,0.0,111

2385680,0.0,111

2386971,0.0,111

2387969,0.0,111

2389424,0.0,111

2390672,0.0,111

2392680,0.0,111

2393668,0.0,111

2394697,0.0,111

2396967,0.0,111

2397963,0.0,111

2399965,0.0,111

2400964,0.0,111

2402664,0.0,111

2403663,0.0,111

2404953,0.0,111

2405953,0.0,111

2407667,0.0,111

2409400,0.0,111

2411952,0.0,111

2414395,0.0,111

2416950,0.0,111

2417946,0.0,111

2419396,0.0,111

2420661,0.0,111

2421947,0.0,111

2422944,0.0,111

2425650,0.0,111

2426649,0.0,111

2427661,0.0,111

2429388,0.0,111

2430651,0.0,111

2432649,0.0,111

2435646,0.0,111

2436646,0.0,111

2438644,0.0,111

2439646,0.0,111

2440651,0.0,111

2441938,0.0,111

2442937,0.0,111

2445640,0.0,111

2446641,0.0,111

2451638,0.0,111

2452933,0.0,111

2455648,0.0,111

2457927,0.0,111

2459385,0.0,111

2460634,0.0,111

2461635,0.0,111

2462926,0.0,111

2465631,0.0,111

2466644,0.0,111

2469369,0.0,111

2470632,0.0,111

2471628,0.0,111

2472640,0.0,111

2474368,0.0,111

2475630,0.0,111

2476635,0.0,111

2477922,0.0,111

2479366,0.0,111

2480624,0.0,111

2482624,0.0,111

2484363,0.0,111

2485625,0.0,111

2486630,0.0,111

2487917,0.0,111

2489360,0.0,111

2490620,0.0,111

2491622,0.0,111

2493629,0.0,111

2494912,0.0,111

2497616,0.0,111

2498619,0.0,111

2499624,0.0,111

2502920,0.0,111

2504353,0.0,111

2505622,0.0,111

2506914,0.0,111

2507906,0.0,111

2510619,0.0,111

2511905,0.0,111

2517607,0.0,111

2518618,0.0,111

2520609,0.0,111

2521614,0.0,111

2522901,0.0,111

2524344,0.0,111

2526901,0.0,111

2527896,0.0,111

2529345,0.0,111

2530600,0.0,111

2532600,0.0,111

2533602,0.0,111

2534607,0.0,111

2536601,0.0,111

2538608,0.0,111

2539890,0.0,111

2540892,0.0,111

2542596,0.0,111

2544334,0.0,111

2545595,0.0,111

2546593,0.0,111

2547603,0.0,111

2549331,0.0,111

2550595,0.0,111

2552884,0.0,111

2555616,0.0,111

2557588,0.0,111

2559881,0.0,111

2560883,0.0,111

2561880,0.0,111

2562880,0.0,111

2564326,0.0,111

2565584,0.0,111

2566587,0.0,111

2567592,0.0,111

2569326,0.0,111

2571593,0.0,111

2572874,0.0,111

2574320,0.0,111

2578578,0.0,111

2579598,0.0,111

2581881,0.0,111

2583576,0.0,111

2584578,0.0,111

2587876,0.0,111

2589316,0.0,111

2590572,0.0,111

2591584,0.0,111

2592866,0.0,111

2594311,0.0,111

2595570,0.0,111

2596570,0.0,111

2599864,0.0,111

2600860,0.0,112

2604317,0.0,111

2605591,0.0,111

2606861,0.0,111

2607857,0.0,111

2610565,0.0,111

2612561,0.0,112

2613562,0.0,111

2614573,0.0,112

2616564,0.0,111

2618562,0.0,112

2619558,0.0,112

2620558,0.0,112

2623559,0.0,112

2624849,0.0,112

2625851,0.0,112

2626857,0.0,112

2627851,0.0,112

2630553,0.0,112

2631848,0.0,112

2632846,0.0,112

2635551,0.0,112

2636554,0.0,112

2638553,0.0,112

2639549,0.0,112

2640584,0.0,112

2641841,0.0,112

2642841,0.0,112

2644290,0.0,112

2646587,0.0,112

2649837,0.0,112

2652836,0.0,112

2654318,0.0,112

2657543,0.0,112

2659281,0.0,112

2660542,0.0,112

2661538,0.0,112

2662832,0.0,112

2666831,0.0,112

2667828,0.0,112

2670534,0.0,112

2672533,0.0,112

2677574,0.0,112

2679245,0.0,112

2680532,0.0,112

2681822,0.0,112

2684243,0.0,112

2685527,0.0,112

2686527,0.0,112

2688529,0.0,111

2689525,0.0,111

2690562,0.0,111

2692528,0.0,104

2693524,0.0,102

2694818,0.0,102

2697561,0.0,100

2699237,0.0,100

2700524,0.0,100

2701813,0.0,99

2702818,0.0,99

2706523,0.0,98

2707642,37,2.722

2709275,0.0,98

2710517,0.0,98

2711520,0.0,99

2712815,0.0,100

2714335,44,2.827

2715514,0.0,101

2716909,44,2.849

2717913,44,2.887

2720514,0.0,107

2721510,0.0,107

2724227,0.0,108

2725508,0.0,108

2726547,0.0,105

2727809,0.0,103

2729228,0.0,93

2730511,0.0,91

2731506,0.0,109

2732517,0.0,109

2734224,0.0,109

2735506,0.0,109

2737503,0.0,110

2739223,0.0,100

2740505,0.0,100

2741500,0.0,100

2742514,0.0,99

2745521,0.0,109

2747597,21,3.225

2748503,0.0,109

2749508,0.0,109

2751497,0.0,107

2752605,39,2.952

2754215,0.0,101

2756494,0.0,95

2757520,0.0,98

2759214,0.0,97

2760601,37,2.671

2761797,0.0,99

2762788,0.0,97

2764220,0.0,94

2765493,0.0,93

2768487,0.0,109

2769489,0.0,109

2770595,21,3.214

2772489,0.0,100

2774207,0.0,99

2775491,0.0,98

2776485,0.0,98

2777783,0.0,98

2779207,0.0,101

2780491,0.0,105

2781784,0.0,106

2782781,0.0,106

2784212,0.0,107

2785480,0.0,106

2786484,0.0,100

2788480,0.0,90

2789577,41,2.556

2790876,21,3.189

2792477,0.0,109

2793587,21,3.211

2794774,0.0,109

2795777,0.0,99

2796776,0.0,98

2797776,0.0,98

2802473,0.0,108

2803484,0.0,107

2804771,0.0,107

2805773,0.0,107

2806778,0.0,107

2807772,0.0,101

2810479,0.0,91

2813471,0.0,100

2814764,0.0,99

2815864,39,2.755

2816762,0.0,97

2818470,0.0,93

2819466,0.0,92

2820764,0.0,108

2821866,21,3.190

2822771,0.0,108

2824182,0.0,109

2825463,0.0,109

2826472,0.0,109

2827761,0.0,109

2829175,0.0,109

2830460,0.0,109

2831462,0.0,109

2832460,0.0,109

2834181,0.0,109

2835458,0.0,109

2836469,0.0,109

2840465,0.0,101

2842455,0.0,95

2843563,42,2.596

2845457,0.0,91

2846462,0.0,95

2852453,0.0,108

2853450,0.0,109

2856451,0.0,101

2857452,0.0,102

2859167,0.0,106

2860460,0.0,109

2861744,0.0,109

2862747,0.0,109

2864175,0.0,109

2865454,0.0,109

2868448,0.0,102

2869739,0.0,102

2870740,0.0,102

2871737,0.0,101

2872739,0.0,101

2874158,0.0,102

2875449,0.0,99

2877440,0.0,97

2878451,0.0,97

2879734,0.0,95

2881438,0.0,92

2882738,0.0,92

2885434,0.0,108

2886834,21,3.198

2887732,0.0,109

2889164,0.0,109

2891435,0.0,109

2892432,0.0,109

2896430,0.0,109

2898429,0.0,110

2900428,0.0,109

2901826,39,2.883

2902726,0.0,103

2904158,0.0,109

2905425,0.0,102

2906426,0.0,95

2907445,0.0,100

2909139,0.0,101

2910437,0.0,109

2911451,0.0,109

2913423,0.0,109

2914724,0.0,109

2916422,0.0,110

2917722,0.0,110

2919136,0.0,109

2920432,0.0,101

2922424,0.0,97

2924151,0.0,100

2925417,0.0,99

2926417,0.0,100

2927719,0.0,100

2929135,0.0,100

2930426,0.0,99

2931714,0.0,99

2933414,0.0,97

2934714,0.0,95

2935710,0.0,94

2939129,0.0,108

2941413,0.0,108

2942410,0.0,109

2943409,0.0,109

2945408,0.0,96

2946411,0.0,96

2947706,0.0,96

2950406,0.0,95

2951706,0.0,96

2952802,39,2.661

2954123,0.0,108

2955401,0.0,108

2956403,0.0,108

2960499,21,3.210

2962398,0.0,109

2964119,0.0,109

2965506,21,3.220

2966697,0.0,109

2967695,0.0,109

2969119,0.0,109

2970399,0.0,109

2972396,0.0,110

2974117,0.0,110

2975405,0.0,104

2976697,0.0,100

2977692,0.0,98

2980393,0.0,97

2983490,41,2.619

2984393,0.0,96

2985390,0.0,104

2986700,0.0,108

2987698,0.0,109

2989219,21,3.211

2990388,0.0,109

2992396,0.0,108

2994102,0.0,108

2995388,0.0,105

2996393,0.0,98

2997682,0.0,98

3000395,0.0,98

3001677,0.0,97

3003389,0.0,108

3004676,0.0,108

3005678,0.0,109

3007382,0.0,109

3008379,0.0,109

3009489,21,3.217

3010677,0.0,105

3013378,0.0,97

3014379,0.0,96

3015376,0.0,96

3016677,0.0,95

3017771,42,2.634

3019136,0.0,95

3020384,0.0,107

3021684,0.0,109

3023384,0.0,109

3025385,0.0,109

3026714,0.0,109

3028382,0.0,109

3029679,0.0,109

3032369,0.0,97

3033371,0.0,94

3034763,41,2.716

3035666,0.0,103

3036669,0.0,101

3038367,0.0,101

3039370,0.0,100

3040403,0.0,99

3042367,0.0,99

3043404,0.0,99

3044662,0.0,99

3045660,0.0,103

3046710,0.0,109

3048372,0.0,109

3049671,0.0,109

3051371,0.0,109

3052670,0.0,109

3054073,0.0,107

3055361,0.0,94

3056357,0.0,93

3058357,0.0,97

3059356,0.0,96

3060401,0.0,94

3061649,0.0,108

3064108,0.0,109

3065352,0.0,109

3068353,0.0,100

3069363,0.0,100

3070748,44,2.822

3071652,0.0,98

3072650,0.0,97

3075350,0.0,98

3076361,0.0,108

3077667,0.0,109

3079079,0.0,109

3080483,5,3.216

3081655,0.0,109

3082657,0.0,109

3085356,0.0,109

3086740,5,3.220

3087676,0.0,101

3089067,0.0,96

3090345,0.0,100

3091382,0.0,98

3092640,0.0,98

3095377,0.0,96

3096642,0.0,96

3097638,0.0,96

3099055,0.0,96

3100340,0.0,108

3102375,0.0,109

3105337,0.0,109

3107347,0.0,109

3109060,0.0,109

3111333,0.0,109

3112360,0.0,109

3114084,0.0,109

3117329,0.0,110

3118338,0.0,110

3119722,5,3.232

3120622,0.0,110

3122326,0.0,110

3123427,5,3.237

3124618,0.0,110

3126326,0.0,110

3127333,0.0,110

3129036,0.0,110

3130322,0.0,110

3133323,0.0,110

3134330,0.0,110

3135712,21,3.246

3138330,0.0,110

3139611,0.0,110

3140613,0.0,110

3141609,0.0,110

3143316,0.0,110

3144609,0.0,110

3145618,0.0,110

3146706,21,3.253

3147611,0.0,110

3152315,0.0,110

3154033,0.0,110

3155311,0.0,110

3156413,21,3.258

3157603,0.0,110

3160309,0.0,111

3161317,0.0,111

3162605,0.0,111

3164047,0.0,111

3165309,0.0,111

3167309,0.0,111

3169015,0.0,111

3170305,0.0,111

3171402,21,3.262

3172695,5,3.264

3175303,0.0,111

3176598,0.0,111

3178304,0.0,111

3179693,21,3.265

3180693,21,3.265

3183400,21,3.267

3185300,0.0,111

3188296,0.0,111

3189305,0.0,111

3190591,0.0,111

3191687,6,3.268

3192600,0.0,111

3194004,0.0,111

3195295,0.0,111

3196685,21,3.268

3197588,0.0,111

3200290,0.0,111

3201292,0.0,111

3203399,21,3.270

3204583,0.0,111

3206297,0.0,111

3207579,0.0,111

3208973,0.0,111

3210286,0.0,111

3211287,0.0,111

3212283,0.0,111

3213970,0.0,111

3216286,0.0,111

3217574,0.0,111

3218966,0.0,111

3220291,0.0,111

3221572,0.0,111

3222576,0.0,111

3223972,0.0,111

3226277,0.0,111

3228280,0.0,111

3230278,0.0,111

3231668,21,3.273

3234294,0.0,111

3235566,0.0,111

3236567,0.0,111

3238272,0.0,111

3240281,0.0,111

3241566,0.0,111

3242661,21,3.274

3246270,0.0,111

3247270,0.0,111

3248952,0.0,111

3250269,0.0,111

3251274,0.0,111

3252562,0.0,111

3253949,0.0,111

3255273,0.0,111

3256559,0.0,111

3257555,0.0,111

3258951,0.0,111

3260262,0.0,111

3261273,0.0,111

3262555,0.0,111

3264047,21,3.274

3265268,0.0,111

3266386,21,3.274

3267555,0.0,111

3268943,0.0,111

3270261,0.0,111

3273255,0.0,111

3275255,0.0,111

3276550,0.0,111

3279265,0.0,111

3280545,0.0,111

3282262,0.0,111

3283937,0.0,111

3285254,0.0,111

3286259,0.0,111

3292248,0.0,111

3293255,0.0,111

3294543,0.0,111

3295539,0.0,111

3297245,0.0,111

3298247,0.0,111

3302243,0.0,111

3303254,0.0,111

3304535,0.0,111

3305537,0.0,111

3306535,0.0,111

3308928,0.0,111

3311242,0.0,111

3312239,0.0,111

3313925,0.0,111

3315236,0.0,111

3317528,0.0,111

3318921,0.0,111

3321234,0.0,111

3322236,0.0,111

3323242,0.0,111

3324529,0.0,111

3325524,0.0,111

3326536,0.0,111

3329232,0.0,111

3331232,0.0,111

3334227,0.0,111

3337235,0.0,111

3338914,0.0,111

3340225,0.0,111

3341236,0.0,111

3343223,0.0,111

3345222,0.0,111

3346226,0.0,111

3348225,0.0,111

3349221,0.0,111

3350221,0.0,111

3351516,0.0,111

3353915,0.0,111

3355218,0.0,111

3363215,0.0,111

3364214,0.0,111

3368212,0.0,111

3369223,0.0,111

3371504,0.0,111

3372515,0.0,111

3373894,0.0,111

3375212,0.0,111

3377211,0.0,111

3381207,0.0,111

3382209,0.0,111

3385207,0.0,111

3386205,0.0,111

3387212,0.0,111

3390202,0.0,111

3391213,0.0,111

3393204,0.0,111

3394209,0.0,111

3395495,0.0,111

3396494,0.0,111

3397500,0.0,111

3398894,0.0,111

3400206,0.0,111

3402198,0.0,111

3403207,0.0,111

3404488,0.0,111

3405491,0.0,111

3406530,0.0,111

3408194,0.0,111

3409196,0.0,111

3410486,0.0,111

3411488,0.0,111

3412485,0.0,111

3416189,0.0,111

3417257,0.0,111

3418874,0.0,111

3420191,0.0,111

3421480,0.0,111

3423186,0.0,111

3424225,0.0,111

3425478,0.0,111

3427224,0.0,111

3428870,0.0,111

3431476,0.0,111

3432479,0.0,111

3433867,0.0,111

3437473,0.0,111

3440179,0.0,111

3442214,0.0,111

3443865,0.0,111

3445177,0.0,111

3446212,0.0,111

3447469,0.0,111

3450218,0.0,111

3451467,0.0,111

3452470,0.0,111

3456174,0.0,111

3457170,0.0,111

3458859,0.0,111

3460169,0.0,111

3461207,0.0,111

3463172,0.0,111

3464202,0.0,111

3466461,0.0,111

3467360,0.0,111

3468854,0.0,111

3470166,0.0,111

3471461,0.0,111

3472457,0.0,111

3476162,0.0,111

3477165,0.0,111

3478198,0.0,111

3479457,0.0,111

3482161,0.0,111

3483159,0.0,111

3484197,0.0,111

3488877,0.0,111

3490158,0.0,111

3491155,0.0,111

3494451,0.0,111

3496154,0.0,111

3497152,0.0,111

3498156,0.0,111

3501444,0.0,111

3504150,0.0,111

3507148,0.0,111

3508150,0.0,111

3510159,0.0,111

3512441,0.0,111

3513830,0.0,111

3515145,0.0,111

3516156,0.0,111

3517436,0.0,111

3520142,0.0,111

3521437,0.0,111

3522436,0.0,111

3523837,0.0,111

3525139,0.0,111

3526139,0.0,111

3528139,0.0,111

3529141,0.0,111

3530146,0.0,111

3531432,0.0,111

3532430,0.0,111

3535135,0.0,111

3536135,0.0,111

3538820,0.0,111

3541425,0.0,111

3542428,0.0,111

3545133,0.0,111

3546132,0.0,111

3547423,0.0,111

3550137,0.0,111

3552421,0.0,111

3553823,0.0,111

3555126,0.0,111

3556128,0.0,111

3557417,0.0,111

3558813,0.0,111

3560132,0.0,111

3561416,0.0,111

3562419,0.0,111

3565124,0.0,111

3567123,0.0,111

3568804,0.0,111

3570120,0.0,111

3572118,0.0,111

3573120,0.0,111

3575119,0.0,111

3576117,0.0,111

3577123,0.0,111

3578800,0.0,111

3580113,0.0,111

3581124,0.0,111

3584112,0.0,111

3585408,0.0,111

3586405,0.0,111

3587412,0.0,111

3588799,0.0,111

3590110,0.0,111

3592109,0.0,111

3593110,0.0,111

3594118,0.0,111

3595404,0.0,111

3596400,0.0,111

3598793,0.0,111

3602104,0.0,111

3603106,0.0,111

3607102,0.0,111

3608788,0.0,111

3610100,0.0,111

3611111,0.0,111

3612393,0.0,111

3615097,0.0,111

3616391,0.0,111

3617392,0.0,111

3618791,0.0,111

3621095,0.0,111

3622107,0.0,111

3623779,0.0,111

3625096,0.0,111

3626101,0.0,111

3627385,0.0,111

3630092,0.0,111

3631093,0.0,111

3635092,0.0,111

3636099,0.0,111

3637381,0.0,111

3642087,0.0,111

3643088,0.0,111

3646087,0.0,111

3648096,0.0,111

3649375,0.0,111

3650377,0.0,111

3651375,0.0,111

3652374,0.0,111

3653774,0.0,111

3656082,0.0,111

3657078,0.0,111

3660079,0.0,111

3663076,0.0,111

3664084,0.0,111

3666371,0.0,111

3667367,0.0,111

3668761,0.0,111

3670073,0.0,111

3671112,0.0,111

3672366,0.0,111

3673755,0.0,111

3676069,0.0,111

3677071,0.0,111

3679071,0.0,111

3682360,0.0,111

3686359,0.0,111

3688065,0.0,111

3690065,0.0,111

3691063,0.0,111

3693062,0.0,111

3694064,0.0,111

3695070,0.0,111

3697059,0.0,111

3699352,0.0,111

3700352,0.0,111

3701197,0.0,111

3703744,0.0,111

3705056,0.0,111

3710054,0.0,111

3711053,0.0,111

3712062,0.0,111

3715054,0.0,111

3717053,0.0,111

3718050,0.0,111

3719061,0.0,111

3721373,0.0,111

3723047,0.0,111

3725049,0.0,111

3727049,0.0,111

3728046,0.0,111

3730045,0.0,111

3731045,0.0,111

3732057,0.0,111

3733728,0.0,111

3736042,0.0,111

3739041,0.0,111

3740334,0.0,111

3741333,0.0,111

3743724,0.0,111

3745040,0.0,111

3747040,0.0,111

3748036,0.0,111

3749045,0.0,111

3751035,0.0,111

3752046,0.0,111

3755036,0.0,111

3756043,0.0,111

3758032,0.0,111

3761030,0.0,111

3763039,0.0,111

3767040,0.0,111

3768713,0.0,111

3771034,0.0,111

3775036,0.0,111

3778025,0.0,111

3779031,0.0,111

3780318,0.0,111

3781314,0.0,111

3782317,0.0,111

3785019,0.0,111

3786032,0.0,111

3787312,0.0,111

3788705,0.0,111

3792017,0.0,111

3793036,0.0,111

3795307,0.0,111

3796352,0.0,111

3798013,0.0,111

3799015,0.0,111

3800305,0.0,111

3804011,0.0,111

3807008,0.0,111

3809007,0.0,111

3810306,0.0,111

3811300,0.0,111

3812336,0.0,111

3813690,0.0,111

3815006,0.0,111

3818692,0.0,111

3820040,0.0,111

3821298,0.0,111

3822297,0.0,111

3823689,0.0,111

3826000,0.0,111

3827999,0.0,111

3829001,0.0,111

3830033,0.0,111

3831293,0.0,111

3832290,0.0,111

3833680,0.0,111

3834997,0.0,111

3835995,0.0,111

3837290,0.0,111

3841286,0.0,111

3842288,0.0,111

3844990,0.0,111

3846990,0.0,111

3848677,0.0,111

3849989,0.0,111

3851025,0.0,111

3852281,0.0,111

3856278,0.0,111

3859984,0.0,111

3861983,0.0,111

3863666,0.0,111

3864981,0.0,111

3867018,0.0,111

3869983,0.0,111

3872976,0.0,112

3874041,0.0,112

3875271,0.0,111

3876270,0.0,112

3877300,0.0,111

3878647,0.0,112

3879974,0.0,111

3881259,0.0,112

3883682,0.0,111

3885975,0.0,111

3888010,0.0,112

3889263,0.0,111

3890265,0.0,112

3893655,0.0,112

3894976,0.0,112

3896259,0.0,112

3901984,0.0,112

3903647,0.0,112

3906256,0.0,112

3907253,0.0,112

3908645,0.0,112

3909958,0.0,112

3910962,0.0,112

3914957,0.0,112

3915968,0.0,112

3919257,0.0,112

3921953,0.0,112

3924990,0.0,112

3926248,0.0,112

3927951,0.0,112

3928952,0.0,112

3931245,0.0,112

3932242,0.0,112

3934948,0.0,112

3935951,0.0,112

3937946,0.0,112

3939945,0.0,112

3941240,0.0,112

3942239,0.0,112

3946950,0.0,112

3949943,0.0,112

3951951,0.0,112

3953624,0.0,112

3954941,0.0,112

3956231,0.0,112

3957231,0.0,112

3958631,0.0,112

3959937,0.0,112

3960938,0.0,112

3961944,0.0,112

3963622,0.0,112

3964933,0.0,112

3966932,0.0,112

3969931,0.0,112

3970933,0.0,112

3971931,0.0,112

3973617,0.0,112

3974929,0.0,112

3975940,0.0,112

3976961,0.0,112

3978613,0.0,112

3979937,0.0,111

3981928,0.0,110

3982935,0.0,110

3988925,0.0,110

3990022,39,3.186

3991222,0.0,109

3992217,0.0,108

3993620,0.0,107

3994921,0.0,107

3997022,39,3.027

3998607,0.0,107

3999921,0.0,109

4000926,0.0,109

4002917,0.0,111

4003927,0.0,111

4005211,0.0,111

4006210,0.0,111

4008012,39,3.174

4009015,39,3.152

4009921,0.0,109

4013922,0.0,107

4015207,0.0,106

4016208,0.0,105

4017214,0.0,101

4018599,0.0,97

4020007,42,2.684

4021207,0.0,99

4022204,0.0,99

4023607,0.0,102

4024906,0.0,105

4026006,21,3.228

4027905,0.0,110

4029904,0.0,110

4032002,21,3.249

4032905,0.0,110

4034010,21,3.250

4035196,0.0,110

4036198,0.0,110

4037903,0.0,110

4039909,0.0,111

4041900,0.0,111

4044899,0.0,111

4045895,0.0,111

4046906,0.0,111

4049896,0.0,111

4050998,44,3.257

4052180,0.0,109

4053577,0.0,107

4057892,0.0,106

4059891,0.0,106

4060890,0.0,106

4061899,0.0,106

4063587,0.0,110

4064886,0.0,110

4065906,0.0,110

4067179,0.0,111

4068680,21,3.258

4069883,0.0,111

4070886,0.0,111

4072980,21,3.262

4073885,0.0,111

4074890,0.0,111

4076880,0.0,111

4078023,21,3.265

4079172,0.0,111

4080175,0.0,111

4081879,0.0,111

4082880,0.0,111

4083885,0.0,111

4085172,0.0,111

4086170,0.0,111

4087877,0.0,111

4088875,0.0,111

4089885,0.0,111

4091874,0.0,111

4093881,0.0,111

4095168,0.0,111

4096163,0.0,111

4097167,0.0,111

4098556,0.0,111

4099881,0.0,111

4101161,0.0,111

4102261,21,3.274

4104866,0.0,111

4105869,0.0,111

4106874,0.0,111

4108552,0.0,111

4112862,0.0,111

4113863,0.0,111

4114869,0.0,111

4116158,0.0,111

4117153,0.0,111

4118548,0.0,111

4121152,0.0,111

4122156,0.0,111

4123543,0.0,111

4124868,0.0,111

4126150,0.0,111

4127152,0.0,111

4130854,0.0,111

4131862,0.0,111

4133540,0.0,111

4134852,0.0,111

4136139,0.0,111

4137145,0.0,111

4138547,0.0,111

4139850,0.0,111

4140852,0.0,111

4141857,0.0,111

4144850,0.0,111

4145858,0.0,111

4147142,0.0,111

4149857,0.0,111

4151847,0.0,111

4155139,0.0,111

4156135,0.0,111

4157137,0.0,111

4158515,0.0,111

4159852,0.0,111

4161133,0.0,111

4162137,0.0,111

4163532,0.0,111

4164838,0.0,111

4165840,0.0,111

4167131,0.0,111

4169836,0.0,111

4170847,0.0,111

4172128,0.0,111

4173521,0.0,111

4174833,0.0,111

4175835,0.0,111

4176843,0.0,111

4178518,0.0,111

4179866,0.0,111

4181834,0.0,111

4182830,0.0,111

4183873,0.0,111

4185121,0.0,111

4188830,0.0,111

4189827,0.0,111

4190864,0.0,111

4192118,0.0,111

4193510,0.0,111

4194827,0.0,111

4195823,0.0,111

4199117,0.0,111

4200115,0.0,111

4202819,0.0,111

4205115,0.0,111

4206113,0.0,111

4207150,0.0,111

4208502,0.0,111

4212817,0.0,111

4214849,0.0,111

4216107,0.0,111

4219814,0.0,111

4220811,0.0,111

4224809,0.0,111

4225852,0.0,111

4227810,0.0,111

4231133,0.0,111

4233805,0.0,111

4235843,0.0,111

4237806,0.0,111

4239122,0.0,111

4241802,0.0,111

4242800,0.0,111

4244097,0.0,111

4245803,0.0,111

4247092,0.0,111

4248486,0.0,111

4249833,0.0,111

4251092,0.0,111

4252089,0.0,111

4253516,0.0,111

4254798,0.0,111

4255794,0.0,111

4257794,0.0,111

4258796,0.0,111

4260795,0.0,111

4261791,0.0,111

4263793,0.0,111

4264790,0.0,111

4265829,0.0,111

4267082,0.0,111

4268476,0.0,111

4269788,0.0,111

4270789,0.0,111

4271787,0.0,111

4274788,0.0,111

4277080,0.0,111

4278469,0.0,111

4279794,0.0,111

4281075,0.0,111

4282110,0.0,111

4283474,0.0,111

4287778,0.0,111

4289779,0.0,111

4290789,0.0,111

4297076,0.0,111

4299776,0.0,111

4305780,0.0,111

4307065,0.0,111

4308455,0.0,111

4309772,0.0,111

4311061,0.0,111

4312071,0.0,111

4313444,0.0,111

4314767,0.0,111

4320775,0.0,111

4322056,0.0,111

4325763,0.0,111

4329055,0.0,111

4330762,0.0,111

4332760,0.0,111

4333757,0.0,111

4335049,0.0,111

4336051,0.0,111

4339048,0.0,111

4340762,0.0,111

4343436,0.0,111

4344752,0.0,111

4345754,0.0,111

4346750,0.0,111

4348437,0.0,111

4349752,0.0,111

4350760,0.0,111

4352041,0.0,111

4353435,0.0,111

4354747,0.0,111

4355747,0.0,111

4356749,0.0,111

4359747,0.0,111

4360744,0.0,111

4364744,0.0,111

4366034,0.0,111

4367034,0.0,111

4368429,0.0,111

4369740,0.0,111

4370742,0.0,111

4371747,0.0,111

4374737,0.0,111

4377029,0.0,111

4378421,0.0,111

4380734,0.0,111

4381736,0.0,111

4382766,0.0,111

4384028,0.0,111

4386028,0.0,111

4387024,0.0,111

4391022,0.0,111

4392034,0.0,111

4396028,0.0,111

4397022,0.0,111

4398411,0.0,111

4399727,0.0,111

4400724,0.0,111

4402743,0.0,111

4404017,0.0,111

4405026,0.0,111

4406016,0.0,111

4407730,0.0,111

4409016,0.0,111

4410014,0.0,111

4411022,0.0,111

4412015,0.0,111

4413403,0.0,111

4414721,0.0,111

4415718,0.0,111

4416728,0.0,111

4418401,0.0,111

4419718,0.0,111

4420723,0.0,111

4422008,0.0,111

4423401,0.0,111

4424713,0.0,111

4425714,0.0,111

4427723,0.0,111

4430006,0.0,111

4431003,0.0,111

4432003,0.0,111

4433438,0.0,111

4434709,0.0,111

4435717,0.0,111

4437710,0.0,111

4438706,0.0,111

4440998,0.0,111

4441998,0.0,112

4443401,0.0,111

4444703,0.0,112

4445707,0.0,111

4447706,0.0,111

4449713,0.0,111

4450994,0.0,111

4451993,0.0,111

4453396,0.0,111

4454699,0.0,111

4456707,0.0,111

4458386,0.0,111

4459696,0.0,112

4460992,0.0,112

4461989,0.0,112

4464697,0.0,111

4465694,0.0,111

4466704,0.0,112

4468377,0.0,111

4469695,0.0,112

4470984,0.0,112

4471986,0.0,112

4473374,0.0,112

4477697,0.0,111

4478973,0.0,112

4480978,0.0,112

4484692,0.0,112

4486976,0.0,112

4489681,0.0,112

4490684,0.0,110

4491974,0.0,111

4493368,0.0,111

4494681,0.0,110

4495975,0.0,110

4496977,0.0,109

4498374,0.0,108

4499681,0.0,107

4500677,0.0,107

4501787,44,3.014

4503363,0.0,106

4504677,0.0,106

4506675,0.0,106

4507674,0.0,106

4508968,0.0,107

4509971,0.0,106

4510968,0.0,105

4511971,0.0,105

4513357,0.0,105

4514681,0.0,104

4515965,0.0,102

4516969,0.0,99

4518359,0.0,99

4519667,0.0,98

4521675,0.0,98

4523358,0.0,97

4525676,0.0,98

4527663,0.0,109

4528670,0.0,109

4529959,0.0,110

4530961,0.0,110

4535660,0.0,110

4536953,0.0,110

4538445,39,2.991

4539764,39,3.096

4540951,0.0,108

4542668,0.0,109

4543947,0.0,107

4544950,0.0,109

4545955,0.0,108

4546950,0.0,104

4548345,0.0,103

4549652,0.0,104

4551652,0.0,104

4552664,0.0,102

4553948,0.0,101

4554949,0.0,101

4555945,0.0,101

4556945,0.0,101

4558347,0.0,100

4559649,0.0,99

4560650,0.0,98

4561666,0.0,98

4564645,0.0,98

4567644,0.0,98

4568688,0.0,98

4569939,0.0,108

4570942,0.0,109

4571974,0.0,109

4573332,0.0,109

4576638,0.0,109

4578640,0.0,109

4579933,0.0,107

4580935,0.0,103

4581933,0.0,102

4583326,0.0,102

4584635,0.0,103

4585674,0.0,104

4586933,0.0,104

4589674,0.0,103

4590930,0.0,102

4592030,39,2.886

4593357,0.0,102

4595631,0.0,101

4596669,0.0,101

4598317,0.0,100

4599629,0.0,100

4600666,0.0,101

4601924,0.0,101

4603317,0.0,101

4604624,0.0,100

4605628,0.0,100

4606665,0.0,100

4609624,0.0,98

4610622,0.0,98

4612622,0.0,98

4613624,0.0,98

4614919,0.0,99

4615921,0.0,98

4617051,42,2.806

4618311,0.0,100

4619621,0.0,100

4622617,0.0,105

4624650,0.0,108

4625927,0.0,109

4629612,0.0,109

4630615,0.0,107

4631909,0.0,103

4633304,0.0,97

4634642,0.0,97

4635912,0.0,91

4636906,0.0,107

4641609,0.0,108

4643708,5,3.213

4644606,0.0,107

4647605,0.0,98

4648607,0.0,98

4649740,39,2.736

4650904,0.0,97

4652642,0.0,97

4654604,0.0,96

4655638,0.0,97

4656996,24,2.755

4658293,0.0,101

4660600,0.0,107

4661599,0.0,107

4663598,0.0,105

4664599,0.0,103

4665704,44,2.911

4666992,44,2.914

4668289,0.0,101

4669603,0.0,101

4671691,24,2.699

4672611,0.0,98

4673889,0.0,97

4674989,24,2.558

4676591,0.0,97

4677588,0.0,108

4678596,0.0,108

4679886,0.0,108

4683586,0.0,108

4685593,0.0,109

4687586,0.0,100

4688598,0.0,99

4689882,0.0,98

4690884,0.0,98

4691988,24,2.605

4693373,24,2.621

4694582,0.0,98

4695977,24,2.837

4696980,24,2.981

4699591,0.0,107

4700877,0.0,108

4701880,0.0,108

4703268,0.0,108

4704579,0.0,108

4705683,24,3.041

4706878,0.0,104

4708267,0.0,103

4709583,0.0,103

4713583,0.0,101

4715574,0.0,99

4717575,0.0,98

4718571,0.0,98

4719582,0.0,97

4721573,0.0,97

4723579,0.0,99

4724866,0.0,108

4725865,0.0,108

4726867,0.0,108

4730564,0.0,109

4731567,0.0,109

4733574,0.0,102

4734595,0.0,101

4736573,0.0,107

4738251,0.0,107

4739564,0.0,104

4740858,0.0,103

4741861,0.0,104

4743248,0.0,104

4744658,44,2.857

4745658,44,2.887

4746664,39,3.119

4748252,0.0,109

4749555,0.0,109

4750665,5,3.216

4751848,0.0,109

4753242,0.0,109

4754552,0.0,109

4759648,5,3.228

4761549,0.0,110

4763236,0.0,110

4764547,0.0,110

4765558,0.0,110

4766839,0.0,110

4768329,5,3.235

4770544,0.0,110

4771546,0.0,110

4772551,0.0,110

4773838,0.0,110

4775552,0.0,110

4776835,0.0,110

4779551,0.0,110

4780832,0.0,110

4782538,0.0,110

4783834,0.0,110

4784862,0.0,110

4790535,0.0,110

4791830,0.0,110

4794533,0.0,110

4795543,0.0,110

4797633,5,3.252

4799534,0.0,110

4800531,0.0,110

4801542,0.0,110

4803214,0.0,110

4805541,0.0,110

4806820,0.0,110

4808214,0.0,110

4809535,0.0,110

4810821,0.0,110

4811819,0.0,110

4813212,0.0,110

4816632,6,3.258

4818208,0.0,110

4820521,0.0,110

4821816,0.0,110

4823204,0.0,110

4824527,0.0,110

4825815,0.0,111

4828517,0.0,111

4829520,0.0,111

4830516,0.0,111

4832515,0.0,111

4833515,0.0,111

4834809,0.0,111

4835843,0.0,111

4837524,0.0,111

4838903,21,3.262

4839806,0.0,111

4840813,0.0,111

4841807,0.0,111

4845609,21,3.262

4846508,0.0,111

4848506,0.0,111

4849607,21,3.264

4850505,0.0,111

4852502,0.0,111

4853604,21,3.264

4854514,0.0,111

4855895,5,3.265

4856798,0.0,111

4858187,0.0,111

4859504,0.0,111

4860510,0.0,111

4862499,0.0,111

4863499,0.0,111

4864892,21,3.265

4865793,0.0,111

4866802,0.0,111

4870496,0.0,111

4871788,0.0,111

4873180,0.0,111

4874493,0.0,111

4875789,0.0,111

4876785,0.0,111

4879491,0.0,111

4880591,21,3.267

4881500,0.0,111

4884491,0.0,111

4885488,0.0,111

4886524,0.0,111

4888172,0.0,111

4889499,0.0,111

4890779,0.0,111

4891879,21,3.268

4893169,0.0,111

4894484,0.0,111

4899484,0.0,111

4900774,0.0,111

4901775,0.0,111

4903165,0.0,111

4904479,0.0,111

4905482,0.0,111

4906487,0.0,111

4908265,21,3.270

4909477,0.0,111

4910586,21,3.270

4911769,0.0,111

4913163,0.0,111

4914475,0.0,111

4915474,0.0,111

4916485,0.0,111

4918158,0.0,111

4919476,0.0,111

4921475,0.0,111

4923472,0.0,111

4924762,0.0,111

4925761,0.0,111

4926773,0.0,111

4928250,21,3.271

4929470,0.0,111

4930475,0.0,111

4931763,0.0,111

4933150,0.0,111

4934467,0.0,111

4935463,0.0,111

4936499,0.0,111

4938148,0.0,111

4939460,0.0,111

4940472,0.0,111

4941754,0.0,111

4943148,0.0,111

4944459,0.0,111

4945462,0.0,111

4946458,0.0,111

4948143,0.0,111

4951477,0.0,111

4953140,0.0,111

4954457,0.0,111

4955749,0.0,111

4956749,0.0,111

4957584,0.0,111

4959455,0.0,111

4961489,0.0,111

4965449,0.0,111

4966742,0.0,111

4968136,0.0,111

4970485,0.0,111

4972448,0.0,111

4973483,0.0,111

4974839,21,3.273

4975737,0.0,111

4977443,0.0,111

4978445,0.0,111

4979442,0.0,111

4980738,0.0,111

4982444,0.0,111

4983832,21,3.274

4984735,0.0,111

4985762,0.0,111

4986767,0.0,111

4988112,0.0,111

4990436,0.0,111

4992439,0.0,111

4993729,0.0,111

4994731,0.0,111

4995768,0.0,111

4998435,0.0,111

4999432,0.0,111

5000727,0.0,111

5001723,0.0,111

5004430,0.0,111

5005528,39,3.267

5006562,21,3.274

5008113,0.0,111

5009528,21,3.274

5010461,0.0,111

5011722,0.0,111

5014461,0.0,111

5015718,0.0,111

5016719,0.0,111

5018108,0.0,111

5019422,0.0,111

5020701,0.0,111

5024419,0.0,111

5025458,0.0,111

5026711,0.0,111

5028104,0.0,111

5029417,0.0,111

5031419,0.0,111

5032452,0.0,111

5035414,0.0,111

5036709,0.0,111

5038120,0.0,111

5039448,0.0,111

5040797,21,3.276

5041700,0.0,111

5044409,0.0,111

5045408,0.0,111

5046446,0.0,111

5048081,0.0,111

5049407,0.0,111

5050445,0.0,111

5052406,0.0,111

5054407,0.0,111

5055403,0.0,111

5056512,21,3.276

5058089,0.0,111

5059402,0.0,111

5060410,0.0,111

5062500,21,3.276

5063407,0.0,111

5066396,0.0,111

5067410,0.0,111

5068691,0.0,111

5070397,0.0,111

5074688,0.0,111

5075682,0.0,111

5076682,0.0,111

5078078,0.0,111

5079401,0.0,111

5080677,0.0,111

5081779,21,3.276

5083083,0.0,111

5084392,0.0,111

5085389,0.0,111

5087425,0.0,111

5090386,0.0,111

5091389,0.0,111

5092395,0.0,111

5093683,0.0,111

5099397,0.0,111

5100675,0.0,111

5101678,0.0,111

5103075,0.0,111

5104386,0.0,111

5105381,0.0,111

5106668,0.0,111

5108055,0.0,111

5109374,0.0,111

5112379,0.0,111

5113384,0.0,111

5118062,0.0,111

5120374,0.0,111

5121666,0.0,111

5123058,0.0,111

5124369,0.0,111

5126372,0.0,111

5128663,0.0,111

5129661,0.0,111

5130671,0.0,111

5132368,0.0,111

5133366,0.0,111

5135367,0.0,111

5138362,0.0,111

5139364,0.0,111

5140370,0.0,111

5141655,0.0,111

5143048,0.0,111

5144368,0.0,111

5145656,0.0,111

5146651,0.0,111

5148046,0.0,111

5150359,0.0,111

5151649,0.0,111

5153041,0.0,111

5155362,0.0,111

5156649,0.0,111

5158039,0.0,111

5159356,0.0,111

5160351,0.0,111

5161363,0.0,111

5163035,0.0,111

5164350,0.0,111

5166349,0.0,111

5169359,0.0,111

5170639,0.0,111

5171643,0.0,111

5173030,0.0,111

5175347,0.0,111

5176353,0.0,111

5178032,0.0,111

5180353,0.0,111

5181634,0.0,111

5185632,0.0,111

5186633,0.0,111

5190629,0.0,111

5192338,0.0,111

5194334,0.0,111

5195628,0.0,111

5197335,0.0,111

5198341,0.0,111

5199627,0.0,111

5200624,0.0,111

5201628,0.0,111

5205340,0.0,111

5207331,0.0,111

5208329,0.0,111

5209622,0.0,111

5210618,0.0,111

5211630,0.0,111

5213009,0.0,111

5214324,0.0,111

5216323,0.0,111

5218322,0.0,111

5219619,0.0,111

5221321,0.0,111

5223008,0.0,111

5224318,0.0,111

5225331,0.0,111

5226611,0.0,111

5230327,0.0,111

5231609,0.0,111

5236609,0.0,111

5239314,0.0,111

5240310,0.0,111

5241319,0.0,111

5244309,0.0,111

5246601,0.0,111

5249308,0.0,111

5250309,0.0,111

5251305,0.0,110

5254306,0.0,108

5255403,44,2.978

5256600,0.0,106

5257989,0.0,104

5259314,0.0,103

5260596,0.0,102

5261599,0.0,101

5264301,0.0,101

5265300,0.0,101

5266308,0.0,101

5267989,0.0,101

5270309,0.0,102

5272300,0.0,106

5275297,0.0,105

5276296,0.0,104

5277306,0.0,103

5278592,0.0,103

5280302,0.0,104

5282292,0.0,104

5283292,0.0,104

5286293,0.0,105

5288389,39,3.164

5290288,0.0,105

5294285,0.0,108

5296284,0.0,104

5299283,0.0,103

5301280,0.0,101

5302294,0.0,100

5303580,0.0,100

5304679,24,2.632

5305578,0.0,98

5306576,0.0,97

5308076,24,2.525

5309278,0.0,95

5310277,0.0,108

5311282,0.0,108

5314272,0.0,109

5315283,0.0,109

5317272,0.0,108

5318284,0.0,106

5319569,0.0,103

5320570,0.0,101

5322275,0.0,100

5323272,0.0,100

5324282,0.0,100

5326270,0.0,102

5327279,0.0,104

5328664,24,2.951

5329569,0.0,104

5331368,24,3.036

5332267,0.0,105

5333278,0.0,106

5334563,0.0,106

5336274,0.0,102

5337954,0.0,98

5339302,0.0,95

5340575,0.0,96

5342264,0.0,95

5345260,0.0,108

5347258,0.0,109

5348550,0.0,109

5349554,0.0,103

5350551,0.0,102

5352259,0.0,100

5353256,0.0,99

5354295,0.0,98

5355652,24,2.575

5356555,0.0,97

5359254,0.0,100

5360353,24,2.647

5363250,0.0,101

5364253,0.0,101

5365541,0.0,103

5367246,0.0,105

5369250,0.0,104

5370539,0.0,104

5371577,0.0,104

5374245,0.0,106

5375381,39,3.080

5376541,0.0,107

5378031,39,2.989

5379243,0.0,105

5380246,0.0,102

5381243,0.0,100

5382927,0.0,98

5384241,0.0,96

5385284,0.0,96

5386537,0.0,96

5387932,0.0,96

5389274,0.0,96

5390534,0.0,108

5391537,0.0,108

5394238,0.0,109

5395234,0.0,109

5396544,0.0,107

5397924,0.0,103

5399272,0.0,99

5400530,0.0,101

5403232,0.0,108

5404232,0.0,108

5405265,0.0,108

5407226,0.0,105

5408265,0.0,103

5409519,0.0,102

5410527,0.0,101

5411565,0.0,101

5412912,0.0,100

5414228,0.0,99

5416327,24,2.528

5417225,0.0,96

5419224,0.0,95

5421221,0.0,108

5424321,44,1.280

5426257,0.0,109

5427908,0.0,108

5429220,0.0,102

5430510,0.0,100

5431508,0.0,99

5432903,0.0,99

5434215,0.0,101

5435218,0.0,100

5437314,24,2.723

5438310,24,2.758

5439223,0.0,101

5440504,0.0,105

5441504,0.0,105

5444219,0.0,108

5445506,0.0,108

5446599,5,3.202

5447890,0.0,107

5449206,0.0,105

5450217,0.0,104

5451498,0.0,101

5452893,0.0,97

5454205,0.0,96

5455206,0.0,96

5456306,24,2.624

5457888,0.0,108

5461213,0.0,109

5462886,0.0,105

5464203,0.0,100

5466199,0.0,99

5470197,0.0,103

5473204,0.0,107

5474491,0.0,108

5475487,0.0,108

5477203,0.0,109

5478488,0.0,109

5479485,0.0,109

5480488,0.0,106

5481485,0.0,105

5482871,0.0,106

5484193,0.0,105

5485198,0.0,105

5487188,0.0,107

5490187,0.0,109

5491186,0.0,109

5493188,0.0,109

5495287,5,3.222

5496472,0.0,109

5497866,0.0,109

5499191,0.0,109

5500470,0.0,109

5501473,0.0,109

5504182,0.0,110

5505179,0.0,110

5506190,0.0,110

5509278,5,3.232

5510185,0.0,110

5511464,0.0,110

5512859,0.0,110

5514183,0.0,110

5515465,0.0,110

5516462,0.0,110

5517856,0.0,110

5519172,0.0,110

5520183,0.0,110

5521558,21,3.240

5522850,0.0,110

5524178,0.0,110

5525459,0.0,110

5526461,0.0,110

5527947,5,3.244

5530166,0.0,110

5531277,5,3.246

5532846,0.0,110

5534168,0.0,110

5535453,0.0,110

5536452,0.0,110

5539163,0.0,110

5540164,0.0,110

5542172,0.0,110

5544161,0.0,110

5546160,0.0,110

5547161,0.0,110

5551156,0.0,110

5552166,0.0,110

5553542,21,3.252

5554446,0.0,110

5555452,0.0,110

5556446,0.0,110

5557833,0.0,110

5559254,5,3.253

5561251,5,3.253

5564149,0.0,110

5565153,0.0,110

5566438,0.0,110

5569147,0.0,110

5570439,0.0,110

5571435,0.0,110

5572827,0.0,110

5574247,21,3.256

5576246,5,3.258

5577824,0.0,110

5579146,0.0,110

5580151,0.0,110

5581433,0.0,110

5582821,0.0,110

5584149,0.0,110

5585430,0.0,110

5586427,0.0,110

5590140,0.0,110

5592139,0.0,110

5593170,0.0,111

5594424,0.0,111

5595426,0.0,111

5596423,0.0,111

5597925,5,3.261

5599132,0.0,111

5600142,0.0,111

5601420,0.0,111

5602813,0.0,111

5605138,0.0,111

5606518,5,3.261

5607809,0.0,111

5610127,0.0,111

5612135,0.0,111

5613414,0.0,111

5616136,0.0,111

5617804,0.0,111

5619126,0.0,111

5620509,21,3.262

5621413,0.0,111

5622810,0.0,111

5625122,0.0,111

5626120,0.0,111

5627802,0.0,111

5629118,0.0,111

5630129,0.0,111

5631504,6,3.264

5634124,0.0,111

5635403,0.0,111

5636406,0.0,111

5637803,0.0,111

5639116,0.0,111

5642112,0.0,111

5643113,0.0,111

5644154,0.0,111

5646112,0.0,111

5647109,0.0,111

5649107,0.0,111

5650110,0.0,111

5652106,0.0,111

5653108,0.0,111

5655108,0.0,111

5656104,0.0,111

5657116,0.0,111

5658392,0.0,111

5659493,21,3.265

5661103,0.0,111

5662104,0.0,111

5663390,0.0,111

5665099,0.0,111

5666110,0.0,111

5667778,0.0,111

5669199,5,3.267

5670385,0.0,111

5671385,0.0,111

5672787,0.0,111

5674095,0.0,111

5676095,0.0,111

5677777,0.0,111

5679093,0.0,111

5680104,0.0,111

5683093,0.0,111

5684477,21,3.267

5685381,0.0,111

5686377,0.0,111

5687772,0.0,111

5689088,0.0,111

5690098,0.0,111

5692184,5,3.268

5693097,0.0,111

5694218,21,3.267

5697094,0.0,111

5698372,0.0,111

5699373,0.0,111

5700370,0.0,111

5701369,0.0,111

5702772,0.0,111

5704080,0.0,111

5705083,0.0,111

5706087,0.0,111

5707761,0.0,111

5709077,0.0,111

5711077,0.0,111

5712075,0.0,111

5713086,0.0,111

5714363,0.0,111

5715365,0.0,111

5716362,0.0,111

5717756,0.0,111

5719080,0.0,111

5720363,0.0,111

5722070,0.0,111

5723362,0.0,111

5724195,0.0,111

5725437,0.0,111

5727068,0.0,111

5729068,0.0,111

5730066,0.0,111

5731068,0.0,111

5732745,0.0,111

5734162,21,3.270

5735103,0.0,111

5737062,0.0,111

5738200,21,3.270

5740160,21,3.270

5742096,0.0,111

5743350,0.0,111

5744348,0.0,111

5745388,0.0,111

5747058,0.0,111

5748097,0.0,111

5750056,0.0,111

5751058,0.0,111

5752735,0.0,111

5754057,0.0,111

5755089,0.0,111

5757052,0.0,111

5758090,0.0,111

5760051,0.0,111

5761052,0.0,111

5762729,0.0,111

5764051,0.0,111

5765090,0.0,111

5766339,0.0,111

5767272,21,3.271

5768475,5,3.271

5771045,0.0,111

5774046,0.0,111

5775043,0.0,111

5776334,0.0,111

5777723,0.0,111

5780040,0.0,111

5781040,0.0,111

5782042,0.0,111

5783328,0.0,111

5784330,0.0,111

5785361,0.0,111

5788036,0.0,111

5789036,0.0,111

5790326,0.0,111

5791324,0.0,111

5792752,0.0,111

5794033,0.0,111

5795076,0.0,111

5796321,0.0,111

5797715,0.0,111

5799030,0.0,111

5800318,0.0,111

5801319,0.0,111

5802744,0.0,111

5804030,0.0,111

5805028,0.0,111

5806065,0.0,111

5807708,0.0,111

5809029,0.0,111

5811024,0.0,111

5812024,0.0,111

5813313,0.0,111

5814315,0.0,111

5815311,0.0,111

5817025,0.0,111

5818021,0.0,111

5820119,21,3.273

5822022,0.0,111

5823307,0.0,111

5824309,0.0,111

5825307,0.0,111

5826309,0.0,111

5827697,0.0,111

5829026,0.0,111

5830304,0.0,111

5831304,0.0,111

5832694,0.0,111

5836012,0.0,111

5837696,0.0,111

5841017,0.0,111

5842684,0.0,111

5844009,0.0,111

5845295,0.0,111

5846336,0.0,111

5847682,0.0,111

5849010,0.0,111

5850004,0.0,111

5852007,0.0,111

5853292,0.0,111

5854303,0.0,111

5855293,0.0,111

5857001,0.0,111

5859000,0.0,111

5859999,0.0,111

5861291,0.0,111

5862678,0.0,111

5864996,0.0,111

5865999,0.0,111

5866997,0.0,111

5868288,0.0,111

5869995,0.0,111

5871285,0.0,111

5872674,0.0,111

5874003,0.0,111

5878089,21,3.274

5879990,0.0,111

5881997,0.0,111

5883279,0.0,111

5884275,0.0,111

5885279,0.0,111

5886275,0.0,111

5887764,21,3.274

5888988,0.0,111

5890987,0.0,111

5893993,0.0,111

5895279,0.0,111

5896409,21,3.274

5899990,0.0,111

5901267,0.0,111

5902661,0.0,111

5903977,0.0,111

5904979,0.0,111

5906975,0.0,111

5907978,0.0,111

5909985,0.0,111

5911975,0.0,111

5912981,0.0,111

5914263,0.0,111

5915261,0.0,111

5916260,0.0,111

5917679,0.0,111

5918970,0.0,111

5920262,0.0,111

5921258,0.0,111

5922685,0.0,111

5924066,21,3.274

5924970,0.0,111

5926255,0.0,111

5927672,0.0,111

5928969,0.0,111

5930254,0.0,111

5931963,0.0,111

5933962,0.0,111

5934964,0.0,111

5936348,21,3.274

5937660,0.0,111

5939966,0.0,111

5940965,0.0,111

5942663,0.0,111

5944957,0.0,111

5947002,0.0,111

5948244,0.0,111

5949955,0.0,111

5951246,0.0,111

5952658,0.0,111

5954952,0.0,111

5956050,21,3.276

5956960,0.0,111

5958952,0.0,109

5959950,0.0,107

5962657,0.0,105

5963957,0.0,104

5965237,0.0,103

5966239,0.0,101

5967652,0.0,101

5968951,0.0,100

5969946,0.0,100

5971944,0.0,99

5973952,0.0,99

5975943,0.0,109

5979941,0.0,110

5981241,0.0,110

5982645,0.0,110

5983941,0.0,101

5984948,0.0,99

5986232,0.0,98

5987642,0.0,97

5989038,24,2.626

5989936,0.0,98

5990945,0.0,99

5992639,0.0,102

5996934,0.0,107

5997969,0.0,107

5999236,0.0,106

6000223,0.0,102

6001225,0.0,100

6002632,0.0,107

6003929,0.0,101

6005937,0.0,97

6007634,0.0,99

6008924,0.0,108

6010925,0.0,109

6011926,0.0,109

6013216,0.0,109

6014216,0.0,105

6015218,0.0,100

6016925,0.0,100

6017921,0.0,100

6019216,0.0,100

6020922,0.0,98

6022648,0.0,98

6023917,0.0,98

6026918,0.0,102

6027916,0.0,102

6028928,0.0,101

6030211,0.0,101

6031211,0.0,99

6032644,0.0,99

6033913,0.0,98

6034922,0.0,100

6036912,0.0,101

6038921,0.0,102

6040200,0.0,102

6041300,44,2.951

6042637,0.0,104

6043910,0.0,104

6044911,0.0,99

6046295,24,2.671

6048906,0.0,97

6050202,0.0,97

6051196,0.0,96

6054001,5,3.171

6054902,0.0,108

6055904,0.0,108

6057735,5,3.189

6059910,0.0,101

6061196,0.0,101

6062635,0.0,102

6063909,0.0,103

6065191,0.0,104

6066230,0.0,105

6067632,0.0,105

6068995,39,2.984

6069907,0.0,107

6071189,0.0,107

6072730,39,3.057

6073902,0.0,108

6075286,39,3.101

6077001,39,3.182

6078182,0.0,109

6080890,0.0,109

6081892,0.0,109

6082888,0.0,109

6084887,0.0,109

6085889,0.0,109

6087614,0.0,109

6089886,0.0,109

6091165,0.0,109

6092602,0.0,106

6093879,0.0,108

6095880,0.0,109

6097619,0.0,109

6098878,0.0,110

6100887,0.0,110

6102608,0.0,110

6103877,0.0,110

6104888,0.0,110

6106167,0.0,110

6109875,0.0,110

6110973,5,3.237

6112014,5,3.238

6113166,0.0,110

6114908,0.0,110

6116161,0.0,110

6118873,0.0,110

6120258,5,3.241

6121155,0.0,110

6122732,5,3.243

6123870,0.0,110

6124867,0.0,110

6125904,0.0,110

6127593,0.0,110

6128867,0.0,110

6130154,0.0,110

6132628,0.0,110

6133864,0.0,110

6134861,0.0,110

6137590,0.0,110

6139896,0.0,110

6141152,0.0,110

6143896,0.0,110

6145147,0.0,110

6146149,0.0,110

6148855,0.0,110

6149857,0.0,110

6150890,0.0,110

6154855,0.0,110

6156142,0.0,110

6157580,0.0,110

6158893,0.0,110

6160141,0.0,110

6161849,0.0,110

6163142,0.0,110

6164139,0.0,110

6165175,0.0,110

6167576,0.0,110

6169844,0.0,110

6170884,0.0,110

6173879,0.0,110

6175136,0.0,110

6176877,0.0,110

6178132,0.0,110

6179135,0.0,110

6180840,0.0,110

6181842,0.0,110

6182937,21,3.256

6184132,0.0,110

6185131,0.0,110

6186167,0.0,110

6189838,0.0,110

6191126,0.0,110

6192668,21,3.258

6193832,0.0,110

6195126,0.0,110

6196122,0.0,110

6200832,0.0,110

6201964,21,3.259

6203122,0.0,111

6204867,0.0,111

6206118,0.0,111

6207534,0.0,111

6208963,21,3.259

6210115,0.0,111

6211118,0.0,111

6212532,0.0,111

6213826,0.0,111

6214822,0.0,111

6216115,0.0,111

6217627,21,3.261

6219820,0.0,111

6220820,0.0,111

6222819,0.0,111

6224819,0.0,111

6226916,21,3.262

6228828,0.0,111

6231913,21,3.262

6233109,0.0,111

6234104,0.0,111

6235115,0.0,111

6236102,0.0,111

6237518,0.0,111

6238824,0.0,111

6240107,0.0,111

6241818,0.0,111

6243808,0.0,111

6245905,5,3.264

6247517,0.0,111

6248815,0.0,111

6250196,5,3.264

6251815,0.0,111

6253094,0.0,111

6254195,21,3.264

6255093,0.0,111

6256805,0.0,111

6258803,0.0,111

6259800,0.0,111

6261898,21,3.264

6262803,0.0,111

6263806,0.0,111

6265089,0.0,111

6266090,0.0,111

6267512,0.0,111

6268798,0.0,111

6269795,0.0,111

6271088,0.0,111

6272501,0.0,111

6273903,21,3.264

6275085,0.0,111

6276083,0.0,111

6277511,0.0,111

6278889,21,3.265

6279792,0.0,111

6281181,21,3.265

6281918,0.0,111

6283080,0.0,111

6284082,0.0,111

6287787,0.0,111

6288789,0.0,111

6289813,0.0,111

6291177,21,3.265

6293794,0.0,111

6295074,0.0,111

6296784,0.0,111

6298784,0.0,111

6300791,0.0,111

6302487,0.0,111

6304788,0.0,111

6306068,0.0,111

6308776,0.0,111

6310069,0.0,111

6311165,21,3.267

6312494,0.0,111

6314776,0.0,111

6317484,0.0,111

6318772,0.0,111

6319881,21,3.267

6321061,0.0,111

6322481,0.0,111

6323769,0.0,111

6324806,0.0,111

6326067,0.0,111

6327475,0.0,111

6328769,0.0,111

6329775,0.0,111

6331764,0.0,111

6332874,21,3.268

6335766,0.0,111

6337470,0.0,111

6339762,0.0,111

6340773,0.0,111

6343761,0.0,111

6345758,0.0,111

6346761,0.0,111

6349756,0.0,111

6351763,0.0,111

6353046,0.0,111

6354752,0.0,111

6356752,0.0,111

6357754,0.0,111

6359141,21,3.268

6360751,0.0,111

6362459,0.0,111

6363851,21,3.268

6364751,0.0,111

6366043,0.0,111

6367456,0.0,111

6369746,0.0,111

6371844,21,3.268

6373746,0.0,111

6374842,21,3.268

6375794,0.0,111

6377451,0.0,111

6378744,0.0,111

6380744,0.0,111

6381742,0.0,111

6383032,0.0,111

6384740,0.0,111

6386738,0.0,111

6387740,0.0,111

6389127,21,3.270

6390030,0.0,111

6391834,21,3.270

6392737,0.0,111

6394747,0.0,111

6396025,0.0,111

6398741,0.0,111

6400732,0.0,111

6401740,0.0,111

6403023,0.0,111

6404119,21,3.270

6405729,0.0,111

6406731,0.0,111

6407737,0.0,111

6410824,21,3.270

6412436,0.0,111

6413725,0.0,111

6414736,0.0,111

6416115,21,3.271

6417433,0.0,111

6419722,0.0,111

6420721,0.0,111

6421730,0.0,111

6423112,21,3.270

6424733,0.0,110

6426010,0.0,109

6427472,0.0,109

6428728,0.0,108

6430012,0.0,108

6431009,0.0,107

6432430,0.0,106

6434714,0.0,105

6435726,0.0,104

6439712,0.0,103

6441004,0.0,103

6444721,0.0,103

6446000,0.0,103

6447426,0.0,102

6448708,0.0,102

6451706,0.0,101

6453706,0.0,102

6454808,39,2.963

6455999,0.0,105

6457421,0.0,106

6458712,0.0,106

6460802,38,3.002

6461702,0.0,105

6462997,0.0,105

6463993,0.0,105

6465003,0.0,105

6466703,0.0,105

6468701,0.0,104

6470697,0.0,99

6471805,24,2.731

6472987,0.0,98

6474703,0.0,99

6475988,0.0,97

6478706,0.0,95

6479982,0.0,108

6481701,0.0,108

6482981,0.0,109

6483985,0.0,109

6485692,0.0,99

6486689,0.0,97

6487699,0.0,97

6489079,24,2.812

6490700,0.0,99

6492402,0.0,98

6493688,0.0,99

6494704,0.0,101

6496694,0.0,108

6497745,0.0,108

6498987,0.0,109

6499987,0.0,109

6501021,0.0,109

6502406,0.0,109

6503684,0.0,109

6505780,44,2.966

6506680,0.0,104

6508072,44,2.903

6508973,0.0,101

6510714,0.0,100

6513679,0.0,100

6516674,0.0,100

6517677,0.0,100

6518966,0.0,100

6519966,0.0,99

6521103,24,2.752

6522387,0.0,99

6523675,0.0,98

6524707,0.0,98

6526064,24,2.810

6527395,0.0,108

6529711,0.0,108

6530971,0.0,108

6532419,0.0,108

6533665,0.0,109

6534668,0.0,109

6536054,21,3.202

6537377,0.0,109

6539666,0.0,106

6540662,0.0,105

6541705,0.0,104

6542953,0.0,103

6546671,0.0,101

6547951,0.0,101

6551658,0.0,99

6552692,0.0,99

6553950,0.0,98

6556693,0.0,98

6558655,0.0,98

6559690,0.0,99

6560947,0.0,99

6562370,0.0,99

6563652,0.0,99

6564654,0.0,99

6565651,0.0,99

6567368,0.0,99

6568649,0.0,107

6570650,0.0,108

6571646,0.0,108

6573745,24,3.068

6575645,0.0,98

6577645,0.0,97

6578644,0.0,97

6579720,0.0,100

6580937,0.0,101

6582360,0.0,100

6583642,0.0,105

6584653,0.0,108

6585944,0.0,108

6587357,0.0,108

6589637,0.0,108

6590930,0.0,107

6593641,0.0,101

6594927,0.0,100

6595930,0.0,100

6597441,24,2.770

6598640,0.0,100

6599925,0.0,101

6600936,0.0,101

6603633,0.0,107

6605631,0.0,108

6609629,0.0,103

6610629,0.0,102

6612346,0.0,102

6613629,0.0,102

6614725,24,2.722

6615922,0.0,106

6617341,0.0,106

6618638,0.0,107

6619916,0.0,107

6621012,24,3.135

6623621,0.0,109

6625620,0.0,109

6627336,0.0,109

6628620,0.0,109

6629630,0.0,109

6631618,0.0,109

6632620,0.0,109

6634619,0.0,109

6635616,0.0,109

6637428,5,3.217

6638614,0.0,109

6640625,0.0,109

6642325,0.0,109

6643614,0.0,109

6644902,0.0,109

6645905,0.0,109

6647431,5,3.225

6648612,0.0,109

6649609,0.0,109

6650619,0.0,109

6652320,0.0,109

6653609,0.0,110

6656611,0.0,110

6657616,0.0,110

6658907,0.0,110

6659903,0.0,110

6660911,0.0,110

6662325,0.0,110

6664616,0.0,110

6666624,0.0,110

6667907,0.0,110

6668999,5,3.235

6669897,0.0,110

6670921,0.0,110

6678597,0.0,110

6679608,0.0,110

6680892,0.0,110

6682315,0.0,110

6683608,0.0,110

6684893,0.0,110

4116,0.0,110

5537,0.0,110

6816,0.0,110

8115,0.0,110

9111,0.0,110

10543,0.0,110

11814,0.0,110

17814,0.0,110

19812,0.0,110

20813,0.0,110

21819,0.0,110

23108,0.0,110

24820,0.0,110

26203,21,3.246

27115,0.0,110

28113,0.0,110

29102,0.0,110

34803,0.0,110

35814,0.0,110

37097,0.0,110

38100,0.0,110

39803,0.0,110

40800,0.0,110

46797,0.0,110

48796,0.0,110

50513,0.0,110

51798,0.0,110

52803,0.0,110

54089,0.0,110

56801,0.0,110

58089,0.0,110

59086,0.0,110

61085,0.0,110

62087,0.0,110

63096,0.0,110

64083,0.0,110

65508,0.0,110

70513,0.0,110

71784,0.0,110

72793,0.0,110

74088,0.0,110

75503,0.0,110

77791,0.0,110

79079,0.0,110

80499,0.0,110

82780,0.0,110

84779,0.0,110

87778,0.0,110

88790,0.0,110

91776,0.0,108

92783,0.0,107

94778,0.0,106

95774,0.0,106

97171,21,3.240

98070,0.0,109

99081,0.0,108

100489,0.0,107

101772,0.0,107

102781,0.0,105

104065,0.0,104

105488,0.0,105

106769,0.0,107

107772,0.0,107

108778,0.0,107

111163,24,3.105

112061,0.0,107

113063,0.0,107

114060,0.0,108

116766,0.0,107

117769,0.0,108

120586,24,3.115

121764,0.0,108

123763,0.0,108

125483,0.0,108

126761,0.0,108

129771,0.0,108

130859,44,3.142

132785,0.0,108

134761,0.0,108

135757,0.0,108

137058,0.0,108

140476,0.0,107

141757,0.0,106

142761,0.0,104

144054,0.0,108

145471,0.0,110

146763,0.0,110

147751,0.0,110

148749,0.0,106

150466,0.0,107

151749,0.0,105

152758,0.0,104

154144,24,2.755

155568,24,2.737

156755,0.0,102

158048,0.0,102

159044,0.0,102

161747,0.0,101

163036,0.0,101

164046,0.0,102

166740,0.0,106

167744,0.0,105

169026,0.0,105

173736,0.0,104

174835,24,2.917

176735,0.0,103

177737,0.0,104

179736,0.0,104

180732,0.0,104

182731,0.0,105

183748,0.0,108

186730,0.0,108

187730,0.0,108

188728,0.0,107

190446,0.0,107

192729,0.0,105

193729,0.0,105

194727,0.0,104

195746,0.0,104

197027,0.0,104

198127,24,2.965

199026,0.0,105

201724,0.0,106

203726,0.0,106

204723,0.0,105

205767,0.0,105

207724,0.0,103

208755,0.0,103

210445,0.0,102

211721,0.0,102

213117,24,2.744

214715,0.0,104

215749,0.0,105

217001,0.0,105

218005,0.0,106

219711,0.0,106

220728,0.0,109

222713,0.0,109

223716,0.0,109

224712,0.0,108

226809,24,3.104

227714,0.0,107

229011,0.0,106

230531,21,3.208

231747,0.0,108

233710,0.0,106

234726,0.0,106

236010,0.0,109

237006,0.0,102

238042,0.0,109

239705,0.0,109

241742,0.0,109

243003,0.0,109

243998,0.0,109

245451,0.0,109

247699,0.0,109

248737,0.0,109

250413,0.0,108

251696,0.0,109

252732,0.0,109

253990,0.0,109

255411,0.0,107

256694,0.0,107

258695,0.0,109

260410,0.0,109

261693,0.0,109

262689,0.0,110

263987,0.0,110

265413,0.0,110

266728,0.0,110

268089,21,3.229

268990,0.0,109

270448,0.0,107

271689,0.0,108

272691,0.0,108

273986,0.0,108

275409,0.0,106

277687,0.0,110

279783,21,3.229

280722,0.0,110

282687,0.0,110

283740,0.0,110

285405,0.0,110

287682,0.0,110

288973,0.0,110

290491,24,3.171

292678,0.0,110

293680,0.0,110

295676,0.0,110

296777,24,3.206

297675,0.0,108

298976,0.0,109

300394,0.0,109

301684,0.0,107

303673,0.0,105

308674,0.0,103

309671,0.0,104

311673,0.0,108

312677,0.0,107

314071,24,3.157

315389,0.0,109

317666,0.0,109

318669,0.0,109

319765,24,3.149

320664,0.0,108

321668,0.0,108

322665,0.0,109

323766,21,3.217

326762,24,3.191

328673,0.0,109

329659,0.0,110

330961,0.0,110

331968,0.0,110

332961,0.0,110

333976,0.0,110

335382,0.0,110

336674,0.0,110

338764,21,3.234

340377,0.0,110

341656,0.0,110

342752,21,3.235

343754,21,3.235

344662,0.0,110

346651,0.0,110

347651,0.0,110

348951,0.0,110

350371,0.0,110

353651,0.0,110

355379,0.0,110

356651,0.0,110

358658,0.0,110

359646,0.0,110

360654,0.0,110

361944,0.0,110

362944,0.0,110

363954,0.0,110

365363,0.0,110

367741,21,3.243

368943,0.0,110

372649,0.0,110

374641,0.0,110

375646,0.0,110

376938,0.0,110

377935,0.0,110

378947,0.0,110

380357,0.0,110

381632,0.0,110

383732,21,3.246

23123,0.0,110

24121,0.0,111

5179,0.0,111

6471,0.0,111

7462,0.0,111

8470,0.0,111

9461,0.0,111

10889,0.0,111

12269,21,3.262

13273,21,3.262

14169,0.0,111

15278,21,3.262

16467,0.0,111

17465,0.0,111

18476,0.0,111

19464,0.0,111

23166,0.0,111

24168,0.0,111

25176,0.0,111

29172,0.0,111

30880,0.0,111

32164,0.0,111

34164,0.0,111

35161,0.0,111

36171,0.0,111

37157,0.0,111

39169,0.0,111

40889,0.0,111

42156,0.0,111

43177,0.0,111

44177,0.0,111

45281,21,3.262

47156,0.0,111

48160,0.0,111

49442,0.0,111

50863,0.0,111

52150,0.0,111

54152,0.0,111

55862,0.0,111

57150,0.0,111

58249,21,3.262

63156,0.0,111

65146,0.0,111

66155,0.0,111

67444,0.0,111

68441,0.0,111

70242,21,3.262

71146,0.0,111

73144,0.0,111

74144,0.0,111

75948,21,3.264

78140,0.0,111

79141,0.0,111

80139,0.0,111

81141,0.0,111

82524,21,3.264

84236,21,3.264

85857,0.0,111

87136,0.0,111

88233,21,3.264

89529,21,3.262

90847,0.0,111

92157,0.0,111

93428,0.0,111

94547,21,3.264

95867,0.0,111

98131,0.0,111

99139,0.0,111

100947,21,3.262

102128,0.0,111

103428,0.0,111

105852,0.0,111

109126,0.0,111

110136,0.0,111

111222,21,3.264

113131,0.0,111

114417,0.0,111

115843,0.0,111

117121,0.0,111

118123,0.0,111

119219,21,3.264

120839,0.0,111

124129,0.0,111

125834,0.0,111

127120,0.0,111

129118,0.0,111

130213,21,3.264

